Time (s),Acceleration x (m/s^2),Acceleration y (m/s^2),Acceleration z (m/s^2),Absolute acceleration (m/s^2),Activity
84.9996999,18.10155296,-56.51839828,3.020611048,59.42322488,
85.0016999,18.75543976,-59.16445541,1.911722183,62.09552308,
85.0036999,20.40258217,-61.06105804,0.6385623217,64.3826524,
85.0056999,20.96841812,-63.81351089,-0.6577159166,67.17344208,
85.0076999,20.77402878,-66.71475983,-2.313746929,69.91260884,
85.0096999,19.29409599,-69.9039917,-4.599759102,72.66352578,
85.0116999,17.66735077,-71.61877441,-5.600277424,73.97801862,
85.0136999,15.64687443,-72.85866547,-5.763963699,74.74244504,
85.0156999,12.42708492,-74.03262329,-4.82064867,75.22300449,
85.0176999,10.00975513,-74.09759521,-3.253873348,74.84140903,
85.0196999,7.82869482,-73.54472351,-1.183884859,73.96969922,
85.0216999,5.23993063,-71.75601196,1.985310316,71.9744648,
85.0236999,3.525940895,-69.80206299,4.39957571,70.02939756,
85.0256999,2.027582407,-66.5136261,6.523155689,66.86348112,
85.0276999,0.6255666018,-59.15943146,8.519192696,59.77295633,
85.0296999,-0.2033730596,-53.22502136,9.133037567,54.00330207,
85.0316999,-0.5109609365,-45.45929337,9.46022892,46.43602444,
85.0336999,-1.274232388,-41.10289764,9.009879112,42.09809716,
85.0356999,-1.988451481,-37.68870926,8.097266197,38.59998011,
85.0376999,-2.560991526,-34.45088577,6.422034264,35.13779635,
85.0396999,-2.869278431,-32.22425079,5.353760719,32.7917345,
85.0416999,-3.025112152,-30.28170967,4.363461494,30.74366667,
85.0436999,-3.077956915,-28.17681503,3.257522106,28.53100374,
85.0456999,-3.021214247,-26.82327461,2.543762684,27.11247914,
85.0476999,-2.925551653,-25.59199524,1.987273574,25.8352149,
85.0496999,-2.719037294,-24.19280434,1.385179758,24.38449648,
85.0516999,-2.603703976,-23.23058319,0.9987747669,23.39736782,
85.0536999,-2.507782698,-21.98171043,0.5335047841,22.13072965,
85.0556999,-2.48939538,-21.07223129,0.3510474265,21.22166948,
85.0576999,-2.517608404,-20.31636238,0.2589856088,20.47339752,
85.0596999,-2.552448988,-19.332901,0.1846982986,19.50154277,
85.0616999,-2.664286852,-18.70938492,0.1673642695,18.89887614,
85.0636999,-2.741293907,-18.15185165,0.183884263,18.35860082,
85.0656999,-2.712477207,-17.68287468,0.1470518708,17.89031061,
85.0676999,-2.867334127,-17.15312386,0.2225937247,17.39255044,
85.0696999,-3.136634111,-16.70194054,0.4698668718,17.0004137,
85.0716999,-3.419073343,-16.20073891,0.7424036264,16.57423201,
85.0736999,-3.586839914,-15.7782011,0.8863430023,16.20501942,
85.0756999,-3.71696949,-15.36204147,1.037110686,15.83931119,
85.0776999,-3.803064823,-15.06499672,1.126069665,15.57836516,
85.07975927,-3.811090231,-14.72185993,1.24320364,15.25788727,
85.0816999,-3.694530964,-14.2673254,1.453079343,14.80937449,
85.0836999,-3.588803053,-13.93642807,1.539270639,14.47317826,
85.0856999,-3.455283165,-13.61356449,1.589721203,14.13489771,
85.0876999,-3.189718246,-13.13241673,1.668930888,13.61690133,
85.0896999,-2.963140726,-12.7444315,1.643159747,13.18714188,
85.0916999,-2.657401085,-12.20711517,1.616440415,12.59715527,
85.0936999,-2.430957556,-11.87247276,1.524024248,12.21424636,
85.0956999,-2.183406591,-11.45545959,1.45779109,11.75244544,
85.0976999,-1.838660717,-10.9002161,1.32386899,11.13319421,
85.0996999,-1.593408346,-10.50900364,1.164022565,10.69266366,
85.1016999,-1.357560277,-10.10407734,0.9503448606,10.23906754,
85.1036999,-1.079660535,-9.568408012,0.7284693718,9.65664364,
85.1056999,-0.8396561146,-9.194252014,0.5831413865,9.25091057,
85.1076999,-0.6168900132,-8.833330154,0.4751053751,8.867581408,
85.1096999,-0.3242898285,-8.357976913,0.3383198678,8.371105203,
85.1116999,-0.1507102102,-8.105416298,0.2030283064,8.109359249,
85.1136999,0.03796246275,-7.707299232,0.1063695922,7.708126692,
85.1156999,0.2129594535,-7.249652386,0.1015811935,7.253490896,
85.1176999,0.3472262919,-6.915278435,0.1185034066,6.925004331,
85.1196999,0.482709378,-6.544090748,0.05021119863,6.56206166,
85.1216999,0.6043826938,-6.179272175,0.0005554548115,6.208758601,
85.1236999,0.6903057694,-5.874595165,-0.06115749106,5.915330139,
85.1256999,0.8076504469,-5.508522034,-0.08027279377,5.56799407,
85.1276999,0.8495777249,-5.324388504,-0.1341710687,5.393412383,
85.1296999,0.8808938861,-5.040962696,-0.161857605,5.119909846,
85.1316999,0.898735404,-4.7130723,-0.2110345215,4.80263588,
85.1336999,0.8580340147,-4.507247448,-0.2515156567,4.595080201,
85.1356999,0.7912070155,-4.201565266,-0.3005106151,4.285961485,
85.1376999,0.6892715693,-3.888988018,-0.4252485335,3.972424879,
85.1396999,0.6485030651,-3.728806496,-0.5570158362,3.825548425,
85.1416999,0.5806035399,-3.242601395,-0.6241971254,3.352787844,
85.1436999,0.5201450586,-2.826900959,-0.6295697093,2.942495188,
85.1456999,0.465633899,-2.440783262,-0.7146404982,2.585526813,
85.1476999,0.3786478043,-2.015372038,-0.8520101905,2.220590006,
85.1496999,0.3110068142,-1.746072173,-0.9339110851,2.004415922,
85.1516999,0.2071367502,-1.465251446,-0.9845052958,1.777390815,
85.1536999,0.1020600274,-1.092627406,-1.044092178,1.51472089,
85.1556999,0.00987368729,-0.7996729612,-1.051801562,1.321310282,
85.1576999,-0.09221507609,-0.4895184934,-1.05376482,1.165569505,
85.1596999,-0.211264357,-0.07513962686,-1.024804592,1.049048638,
85.1616999,-0.1970523894,0.2473210245,-0.9317753911,0.9839729228,
85.1636999,-0.2690029442,0.627836287,-0.7926722765,1.046360514,
85.1656999,-0.3404363394,0.9278872013,-0.7125239968,1.218426036,
85.1676999,-0.406123668,1.169443011,-0.6590183973,1.402440244,
85.1696999,-0.4889247119,1.445322156,-0.6060777903,1.641747178,
85.1716999,-0.5671097636,1.577079892,-0.5602049232,1.767094798,
85.1736999,-0.6474112868,1.609822869,-0.5582895279,1.822733728,
85.1756999,-0.7604559064,1.604795098,-0.6414161921,1.888140679,
85.1776999,-0.8503438234,1.57488668,-0.6961764097,1.920420336,
85.1796999,-0.9011966586,1.538408637,-0.6954293847,1.913760325,
85.1816999,-0.8930851221,1.50925684,-0.6379494071,1.866128798,
85.1836999,-0.8704742789,1.499459863,-0.5389156342,1.815636365,
85.1856999,-0.8351646066,1.470652699,-0.3601645529,1.729172573,
85.1876999,-0.7855376005,1.450656414,-0.1858092099,1.66012,
85.1896999,-0.7197449207,1.452456832,-0.005286397412,1.621015591,
85.1916999,-0.595744431,1.459237218,0.2139841765,1.590620606,
85.1936999,-0.5088923573,1.463221192,0.3298826814,1.583922433,
85.1956999,-0.4279491901,1.449899793,0.425899744,1.57058604,
85.1976999,-0.3380134106,1.450924516,0.5061150789,1.573399977,
85.1996999,-0.243480742,1.450311661,0.5294632912,1.563015727,
85.2016999,-0.1445140094,1.455080867,0.5328343511,1.556295947,
85.2036999,-0.02009214088,1.489701033,0.5029643178,1.572445855,
85.2056999,0.07762959599,1.509553671,0.4738508165,1.584081196,
85.2076999,0.1979909092,1.540688038,0.4200482965,1.60914903,
85.2096999,0.2801024616,1.558558226,0.3338570595,1.61833917,
85.2116999,0.3777667284,1.574465275,0.2174605578,1.633688372,
85.2136999,0.4861857593,1.595831156,0.009145850316,1.668273754,
85.2156999,0.5732868314,1.607007265,-0.1834150106,1.716033568,
85.2176999,0.6608475447,1.63287425,-0.3665522635,1.799266061,
85.2196999,0.7664701343,1.661930323,-0.577414453,1.919087365,
85.2216999,0.825003624,1.671564579,-0.7036367059,1.99245169,
85.2236999,0.8904514909,1.669122577,-0.8178401589,2.061003775,
85.2256999,0.9613103271,1.671047449,-0.8882583976,2.122621046,
85.2276999,1.015064836,1.686628938,-0.9013786912,2.165076751,
85.2296999,1.056992173,1.702698708,-0.8976244926,2.195938313,
85.2316999,1.096908331,1.710925341,-0.8805012107,2.214894081,
85.2336999,1.135541081,1.720875621,-0.9063298106,2.252176764,
85.2356999,1.191536784,1.719343305,-0.9773418307,2.30891714,
85.2376999,1.238434315,1.73123765,-1.017305851,2.359197861,
85.2396999,1.269214272,1.733976722,-1.079957366,2.404971529,
85.2416999,1.272144675,1.714928389,-1.142627954,2.421761775,
85.2436999,1.289507389,1.668672323,-1.150069118,2.402073189,
85.2456999,1.299984455,1.62444663,-1.128866076,2.36709211,
85.2476999,1.297638178,1.56779027,-1.086392999,2.306963571,
85.2496999,1.30695641,1.52219522,-1.100815654,2.288451103,
85.2516999,1.299266219,1.453040957,-1.139936924,2.258069291,
85.2536999,1.273983359,1.407158613,-1.168246031,2.228884867,
85.2556999,1.245358348,1.347926021,-1.196765661,2.19090621,
85.2576999,1.176913023,1.274529338,-1.244199634,2.134849415,
85.2596999,1.130810142,1.217173815,-1.284699917,2.100166076,
85.2616999,1.103928089,1.165468574,-1.328963876,2.084015164,
85.2636999,1.074268699,1.104368687,-1.383149505,2.070455502,
85.2656999,1.040548801,1.071721315,-1.441022038,2.075541592,
85.2676999,1.013293266,1.054856539,-1.469829082,2.073615946,
85.2696999,0.9877997637,1.03269577,-1.467482805,2.048344383,
85.2716999,0.9658496976,1.01295805,-1.458968997,2.0217666,
85.2736999,0.9479985237,1.009050608,-1.456325769,2.009420085,
85.2756999,0.9140104651,0.9970222116,-1.412081003,1.955362161,
85.2776999,0.8877795339,0.9905387163,-1.387688875,1.922238243,
85.2796999,0.8881147504,1.006608605,-1.33245945,1.891416633,
85.2816999,0.8648526669,1.010046601,-1.302800059,1.861572525,
85.2836999,0.863435328,1.011282086,-1.241039157,1.818898077,
85.2856999,0.8532072902,1.007269382,-1.155164003,1.75412604,
85.2876999,0.8370129466,1.013858199,-1.084314823,1.70418243,
85.2896999,0.8321191669,1.013187885,-1.006043553,1.652602684,
85.2916999,0.8075737953,1.022276282,-0.9176687598,1.593530729,
85.2936999,0.8028715849,1.021941066,-0.8328182697,1.543551941,
85.2956999,0.7895311117,1.03049314,-0.7745434046,1.511685475,
85.2976999,0.7700423002,1.050058603,-0.6966839433,1.476806261,
85.2996999,0.7784315944,1.079181671,-0.6365512013,1.475054663,
85.3016999,0.7855280042,1.122181535,-0.5344624519,1.470372658,
85.3036999,0.7836222053,1.147493005,-0.4100980163,1.448787196,
85.3056999,0.7892533541,1.192733884,-0.2584109902,1.45337924,
85.3076999,0.8158864975,1.266341209,0.01712333038,1.506513871,
85.3096999,0.8258080482,1.33109951,0.2685528398,1.589309745,
85.3116999,0.8276563883,1.401853085,0.5825380087,1.729033747,
85.3136999,0.8063766956,1.504219532,1.094341636,2.027437642,
85.3156999,0.7840340137,1.590190411,1.539280176,2.347934909,
85.3176999,0.7620648146,1.662370801,2.045864582,2.744044706,
85.3196999,0.6787465811,1.747575641,2.808877468,3.377056436,
85.3216999,0.5938290358,1.788938046,3.447592974,3.929227604,
85.3236999,0.4414620697,1.855410576,4.299488068,4.703513028,
85.3256999,0.3140330911,1.8862288,4.942685604,5.299680825,
85.3276999,0.1783776134,1.918464184,5.585481167,5.908462005,
85.3296999,-0.02650860138,1.954856038,6.405341625,6.69705653,
85.3316999,-0.1820742488,1.956905484,6.993032455,7.263961249,
85.3336999,-0.3516124487,1.943009615,7.518099785,7.77307803,
85.3356999,-0.6048710942,1.901666522,8.150523186,8.39125931,
85.3376999,-0.7911974192,1.823663473,8.539274216,8.767607767,
85.3396999,-0.9910845757,1.715186834,8.845407486,9.064510362,
85.3416999,-1.289382935,1.509821892,9.160761833,9.373453358,
85.3436999,-1.554718018,1.30021441,9.281342506,9.500053913,
85.3456999,-1.905142903,0.9743155837,9.225012779,9.469937757,
85.3476999,-2.168591261,0.6956688166,8.995800972,9.279610891,
85.3496999,-2.433811188,0.401124537,8.540088654,8.889176115,
85.3516999,-2.735317945,-0.004683058709,7.594580173,8.07215177,
85.3536999,-2.832446098,-0.3063428998,6.683845043,7.265698964,
85.3556999,-2.73875618,-0.5798947811,5.635472298,6.292504381,
85.3576999,-2.308058262,-0.8593938947,4.082286358,4.767677916,
85.3596999,-1.923616529,-1.020945072,2.8814888,3.611870304,
85.3616999,-1.552668571,-1.156121731,1.701750755,2.577470229,
85.3636999,-1.107327938,-1.266628385,0.1962479204,1.693822858,
85.3656999,-0.8252430558,-1.349439144,-0.8928073645,1.816347185,
85.3676999,-0.6206536889,-1.463115811,-2.262377024,2.764827061,
85.3696999,-0.5782667398,-1.545045376,-3.111772776,3.522028882,
85.3716999,-0.6643335223,-1.622684598,-3.831795454,4.213917505,
85.3736999,-0.7691708207,-1.822092891,-4.432988644,4.854177023,
85.3756999,-0.8200332522,-1.970571637,-4.786688805,5.240991969,
85.3776999,-0.8688271046,-2.11090064,-5.051746368,5.543546105,
85.3796999,-0.9000761509,-2.303528547,-5.355810165,5.899244305,
85.3816999,-0.9028534293,-2.438666821,-5.654539585,6.223829858,
85.3836999,-0.9055637121,-2.603904963,-6.025420189,6.626164437,
85.3856999,-0.9098445177,-2.839197397,-6.462170601,7.116776502,
85.3876999,-0.919201076,-3.030245304,-6.556607246,7.281237244,
85.3896999,-0.9428079128,-3.292190075,-6.436945438,7.291204895,
85.3916999,-0.958896935,-3.474149466,-6.193933964,7.166171627,
85.3936999,-1.010017991,-3.688162327,-5.898010731,7.029168391,
85.3956999,-1.086278081,-3.953995466,-5.327519894,6.722837826,
85.3976999,-1.131988168,-4.147255421,-4.76788044,6.419798176,
85.3996999,-1.192312479,-4.353951454,-3.966454744,6.009264976,
85.4016999,-1.329050064,-4.72429657,-2.302906036,5.421137184,
85.4036999,-1.520279765,-5.167338371,-0.4896238148,5.40854582,
85.4056999,-1.77408433,-5.68280983,1.689894676,6.188493095,
85.4076999,-2.171004534,-6.468529701,5.026655197,8.474809712,
85.4096999,-2.437460184,-7.141060829,7.754665852,10.81992627,
85.4116999,-2.674869061,-8.026704788,11.30573654,14.1209983,
85.4136999,-2.687596798,-8.476498604,13.25829411,15.96422775,
85.4156999,-2.634186983,-8.863353729,14.65304089,17.32655729,
85.4176999,-2.515530348,-9.362248421,15.67320156,18.42902156,
85.4196999,-2.341347456,-9.744112968,15.88606453,18.78288294,
85.4216999,-2.109195948,-10.12232971,15.666852,18.77126841,
85.4236999,-1.753762364,-10.56173325,15.10350609,18.51328679,
85.4256999,-1.398864985,-10.84176826,14.40329647,18.0819167,
85.4276999,-0.9050561786,-11.12541485,13.32377052,17.38150866,
85.4296999,-0.3008458018,-11.46545792,11.31628036,16.1122759,
85.4316999,0.1123838276,-11.59241772,9.53902626,15.01298773,
85.4336999,0.5017768145,-11.67914581,7.588441372,13.93695337,
85.4356999,1.078348398,-11.79256344,4.89862299,12.81498712,
85.4376999,1.547994971,-11.92485714,2.774467945,12.34083379,
85.4396999,2.088203669,-12.2381916,0.4016416967,12.42156368,
85.4416999,2.475518227,-12.58642387,-1.206897974,12.88420968,
85.4436999,2.886162281,-13.2229557,-3.173945427,13.90145387,
85.4456999,3.723472118,-15.55397987,-5.522964001,16.92021471,
85.4476999,4.936499119,-18.87102127,-6.301337719,20.49856884,
85.4496999,6.890819073,-24.00861359,-6.371401787,25.77773602,
85.4516999,11.16245842,-36.27100754,-5.344222069,38.32423744,
85.4536999,15.64054394,-45.80744553,-3.794733047,48.55253525,
85.4556999,20.56880569,-52.16665649,-2.329155922,56.12362056,
85.4576999,26.23994255,-58.97430038,-0.5250197053,64.55058742,
85.4596999,29.05871201,-63.62907028,0.3291548491,69.95123781,
85.4616999,30.40433121,-69.65840912,0.8522112966,76.00949665,
85.4636999,29.54298401,-73.59403229,0.5976885557,79.30464503,
85.4656999,27.70470619,-76.15258026,0.159492135,81.03574312,
85.4676999,24.97027016,-77.62007904,0.4764748514,81.53905868,
85.4696999,22.16810608,-78.07460022,1.078080297,81.16791474,
85.4716999,18.67265701,-78.14674377,1.416591644,80.35912154,
85.4736999,13.20874405,-78.14674377,1.472089291,79.26885598,
85.4756999,8.827057838,-78.14674377,1.184028506,78.65260604,
85.4776999,4.359381676,-78.14674377,0.9829634428,78.27441465,
85.4796999,-1.54756403,-74.31009674,0.6902483702,74.3294146,
85.4816999,-5.137171268,-68.59087372,0.1735317409,68.78319998,
85.4836999,-7.857606888,-59.22024155,-0.1810112298,59.73953264,
85.4856999,-9.038657188,-52.63276291,-0.2052597106,53.40362522,
85.4876999,-9.4644804,-46.73770905,0.02440170199,47.68637574,
85.4896999,-9.030584335,-40.14335251,0.5567668676,41.15033649,
85.4916999,-8.300725937,-36.35255432,1.045672417,37.30286433,
85.4936999,-7.236943722,-33.225811,1.483418703,34.03716208,
85.4956999,-5.75449276,-30.15837097,2.003238201,30.76775081,
85.4976999,-4.744771481,-28.1663456,2.386224031,28.66269258,
85.4996999,-3.921367168,-26.64415932,2.544394732,27.05110517,
85.5016999,-3.076597214,-24.81447411,2.476773024,25.12683785,
85.5036999,-2.580135584,-23.6410656,2.293013096,23.89173479,
85.5056999,-2.319186449,-22.27730942,1.718596339,22.46354189,
85.5076999,-2.351603985,-21.09336662,1.471821189,21.27501855,
85.5096999,-2.479435205,-20.07376289,1.187409163,20.26113265,
85.5116999,-2.591282606,-18.85404015,0.8534179926,19.05040413,
85.5136999,-2.686007023,-17.97431564,0.6121590734,18.1842073,
85.51570615,-2.787798882,-17.24367142,0.4123485684,17.47243709,
85.5176999,-2.935186148,-16.49456406,0.04163037986,16.75373672,
85.5196999,-3.113372087,-15.75054264,-0.06969042122,16.05545191,
85.5216999,-3.374905109,-15.13706207,-0.2062844187,15.51009948,
85.5236999,-3.669602633,-14.44473648,-0.4134786427,14.90930448,
85.5256999,-3.772313833,-13.87356567,-0.4844044447,14.38543791,
85.5276999,-3.798449039,-13.10206699,-0.5802874565,13.6539045,
85.5296999,-3.780952215,-12.54245663,-0.5705766082,13.1123749,
85.5316999,-3.707603216,-11.98649406,-0.5723099709,12.55985272,
85.5336999,-3.528900146,-11.31420231,-0.3590919375,11.85720275,
85.5356999,-3.356632471,-10.89609718,-0.2019652724,11.40318838,
85.5376999,-3.213593245,-10.49516487,-0.08955271542,10.97650613,
85.5396999,-2.954186201,-9.862961769,-0.07107906044,10.29612953,
85.5416999,-2.732416153,-9.48769474,-0.06482540816,9.873532896,
85.5436999,-2.465817213,-9.114735603,-0.07229530811,9.442663091,
85.5456999,-2.084200382,-8.634669304,-0.07886500657,8.882996393,
85.5476999,-1.815302849,-8.343380928,-0.03940856084,8.538669848,
85.5496999,-1.467099786,-8.004036903,-0.006416460499,8.137384697,
85.5516999,-1.178694248,-7.756830692,0.06562986225,7.846148724,
85.5536999,-0.8864963055,-7.514010906,0.1320737451,7.56727686,
85.5556999,-0.5747328997,-7.248943806,0.1601720899,7.273455802,
85.5576999,-0.3799598217,-7.103069782,0.1765580177,7.115415837,
85.5596999,-0.1956062764,-6.948729992,0.1568680853,6.953252326,
85.5616999,-0.02400905453,-6.791296959,0.0881928131,6.791912013,
85.5636999,0.05385996401,-6.663877487,0.03936067596,6.66421138,
85.5656999,0.1620108336,-6.493965626,0.01019929908,6.495994234,
85.5676999,0.2438542396,-6.348618507,0.01705629379,6.35332297,
85.5696999,0.2744521201,-6.13092804,-0.0001244984887,6.137067916,
85.5716999,0.3091105819,-5.883606911,-0.01169328112,5.891732883,
85.5736999,0.3340773284,-5.719910622,-0.02891238034,5.729731329,
85.5756999,0.3309361339,-5.535394669,-0.0301286336,5.545360277,
85.5776999,0.3374675214,-5.258414268,0.00160890352,5.269232158,
85.5796999,0.3273735642,-5.043711662,0.0518967174,5.054591383,
85.5816999,0.3259561956,-4.826164722,0.04836287349,4.837401403,
85.5836999,0.2769421041,-4.578997135,0.03368162736,4.587487999,
85.5856999,0.2361066043,-4.500457287,0.001120486413,4.506646578,
85.5876999,0.2064951062,-4.252840042,-0.04514506832,4.258089563,
85.5896999,0.1136575416,-3.834927082,-0.06456683576,3.837154237,
85.5916999,0.06130113825,-3.572053194,-0.04205175862,3.57282664,
85.5936999,0.0191823449,-3.264676094,-0.04406289011,3.265029785,
85.5956999,-0.03250367939,-3.026481628,-0.04169741645,3.026943378,
85.5976999,-0.09893798828,-2.826173067,-0.07899907976,2.829007562,
85.5996999,-0.2038902193,-2.484357595,-0.1226693168,2.495726677,
85.6016999,-0.2964787781,-2.245186567,-0.1707640439,2.271106062,
85.6036999,-0.3895366192,-1.998890281,-0.1889216602,2.045236545,
85.6056999,-0.5150023699,-1.774898291,-0.2795087099,1.869121853,
85.6076999,-0.6475645304,-1.521007538,-0.3315011561,1.686029883,
85.6096999,-0.7819558978,-1.228627682,-0.3840491176,1.506145654,
85.6116999,-0.9295535684,-0.8654847145,-0.3895462155,1.328487818,
85.6136999,-1.013082504,-0.6264955401,-0.3474944532,1.240800233,
85.6156999,-1.132658601,-0.3496013284,-0.2755438983,1.216988511,
85.6176999,-1.207223535,-0.1388158053,-0.1884045303,1.229697018,
85.6196999,-1.236566901,0.08789593726,-0.07785943896,1.242129417,
85.6216999,-1.284288049,0.3843843043,0.1108323857,1.345150885,
85.6236999,-1.359523416,0.6088167429,0.3154600263,1.522654515,
85.6256999,-1.410146475,0.8278766274,0.5506855249,1.725441201,
85.6276999,-1.449861526,1.120630026,0.8866686225,2.03570414,
85.6296999,-1.462579489,1.311840534,1.160862207,2.282030984,
85.6316999,-1.459218025,1.491578102,1.467521071,2.551027357,
85.6336999,-1.433858633,1.691015124,1.871825218,2.901587906,
85.6356999,-1.444546342,1.848314047,2.23563838,3.240533585,
85.6376999,-1.443713307,1.970380068,2.599834919,3.567330561,
85.6396999,-1.436722159,2.087581158,3.013955116,3.937777431,
85.6416999,-1.45053184,2.133961678,3.317846537,4.203087044,
85.6436999,-1.448645234,2.164722204,3.675923109,4.505219855,
85.6456999,-1.433456421,2.178158522,3.908706427,4.698633608,
85.6476999,-1.41747272,2.182573557,4.054906368,4.818207333,
85.6496999,-1.378686666,2.199227571,4.121397972,4.870657048,
85.6516999,-1.342170238,2.207195282,4.051199913,4.804721917,
85.6536999,-1.31388998,2.211227179,3.915822268,4.68502898,
85.6556999,-1.239612341,2.200012684,3.570578337,4.373296723,
85.6576999,-1.176118016,2.183330059,3.206650257,4.053737733,
85.6596999,-1.098900318,2.170219183,2.830090046,3.731868551,
85.6616999,-1.030473948,2.149313211,2.316562414,3.323835925,
85.6636999,-0.9771695137,2.132113218,1.934428811,3.040194379,
85.6656999,-0.8817557096,2.116857529,1.471208215,2.724524278,
85.6676999,-0.8060319424,2.115669966,1.142455578,2.535932105,
85.6696999,-0.7274925709,2.113237381,0.8122090101,2.377961553,
85.6716999,-0.6430059671,2.098805189,0.4277576506,2.236384695,
85.6736999,-0.5757863522,2.092398167,0.1848802418,2.178035977,
85.6756999,-0.5065460801,2.100002289,-0.02891238034,2.160424604,
85.6776999,-0.4217912853,2.117326736,-0.2736380994,2.176202703,
85.6796999,-0.3611605465,2.114424706,-0.4304679036,2.187814296,
85.6816999,-0.2903879285,2.138510466,-0.5302869081,2.222331291,
85.6836999,-0.1858092099,2.15494442,-0.6375088692,2.254934162,
85.6856999,-0.1247857884,2.150711536,-0.6983981729,2.264705635,
85.6876999,-0.028471848,2.146239042,-0.7442137003,2.271784916,
85.6896999,0.03379655257,2.157214165,-0.7811609507,2.294543003,
85.6916999,0.1068771631,2.154685736,-0.8163557053,2.306627405,
85.6936999,0.1938728839,2.136767626,-0.8623723388,2.31236862,
85.6956999,0.258066237,2.121770382,-0.8883062601,2.314648083,
85.6976999,0.3168677986,2.116340399,-0.9034855366,2.322840503,
85.6996999,0.3928118944,2.082984209,-0.9343132973,2.31647701,
85.7016999,0.4424006045,2.057912111,-0.9542809129,2.311140977,
85.7036999,0.4826614857,2.029650927,-0.9685982466,2.300136421,
85.7056999,0.5457438827,1.98138392,-0.9919752479,2.282045906,
85.7076999,0.57538414,1.933499932,-0.9903567433,2.247286225,
85.7096999,0.6090849042,1.881957412,-0.9666445851,2.201624372,
85.7116999,0.6214102507,1.849137664,-0.9240948558,2.158567141,
85.7136999,0.6263423562,1.812171221,-0.869756043,2.105408477,
85.7156999,0.6326630116,1.759537101,-0.8031780124,2.03502536,
85.7176999,0.6277692914,1.713530183,-0.7562708855,1.975405179,
85.7196999,0.6091328263,1.681390405,-0.7179253101,1.927052995,
85.7216999,0.5824230909,1.634128928,-0.6540096998,1.854001806,
85.7236999,0.5551770926,1.603550076,-0.6273670793,1.809194269,
85.7256999,0.5349891186,1.560588479,-0.6013277173,1.755917077,
85.7276999,0.499497503,1.489461541,-0.5876424313,1.677294567,
85.7296999,0.4637664557,1.463106155,-0.5765046477,1.639547668,
85.7316999,0.4362618625,1.42541182,-0.5813025832,1.600011239,
85.7336999,0.4098011553,1.384289026,-0.6043061018,1.565049188,
85.7356999,0.3672896922,1.346939564,-0.6296846271,1.531551709,
85.7376999,0.3092063665,1.306918144,-0.7051019669,1.516842904,
85.7396999,0.2649711072,1.284594655,-0.7586554289,1.515239643,
85.7416999,0.2252369225,1.253517866,-0.8135976195,1.511284155,
85.7436999,0.1659660637,1.21033597,-0.868645072,1.499000385,
85.7456999,0.1353394389,1.187619805,-0.9125643373,1.503838833,
85.7476999,0.1134755835,1.151601434,-0.944388032,1.49363025,
85.7496999,0.07205589116,1.095816493,-0.9878284931,1.47709545,
85.7516999,0.04998135194,1.065295339,-0.9990333319,1.461307597,
85.7536999,0.02715024725,1.022496462,-1.021672964,1.445701143,
85.7556999,0.0157059636,0.9961315393,-1.021969795,1.427216516,
85.7576999,0.00985453371,0.9830783606,-1.02579093,1.420840317,
85.7596999,0.02709278651,0.9471749067,-0.9941683412,1.373406354,
85.7616999,0.04062481225,0.9422332644,-0.9687898159,1.352038316,
85.7636999,0.06439444423,0.9343802929,-0.9494446516,1.333663497,
85.7656999,0.101159811,0.9088868499,-0.8884403706,1.275003884,
85.7676999,0.131087333,0.897911787,-0.8298686147,1.229679383,
85.7696999,0.1755811721,0.921489954,-0.7643823624,1.210063172,
85.7716999,0.220793277,0.9369756579,-0.690200448,1.184503995,
85.7736999,0.2482595742,0.9419076443,-0.6285545826,1.159268601,
85.7756999,0.3066110611,0.9291322231,-0.4806695282,1.09011019,
85.7776999,0.3544376194,0.9297451377,-0.3400915563,1.051529512,
85.7796999,0.4064971209,0.9349548817,-0.1879831403,1.036686163,
85.7816999,0.4662564099,0.944388032,0.03646847978,1.053847116,
85.7836999,0.4995262325,0.9492243528,0.2081902027,1.092655705,
85.7856999,0.5357265472,0.9639822245,0.3891152442,1.169476522,
85.7876999,0.5650507808,0.975225389,0.6654061079,1.308859134,
85.7896999,0.5750585198,0.9670946598,0.8771110177,1.426635244,
85.7916999,0.5964244008,0.9907972813,1.097176433,1.594113372,
85.7936999,0.5350370407,0.9060999751,1.359743834,1.719356011,
85.7956999,0.4211592376,0.7447786927,1.600581288,1.814918969,
85.7976999,0.2661298811,0.3137266338,1.991439462,2.03348977,
85.7996999,0.1570596248,-0.09830592573,2.29101181,2.298492309,
85.8016999,0.08078993857,-0.5302007198,2.564343214,2.619827463,
85.8036999,-0.02503377385,-1.013657093,2.943814754,3.113546643,
85.8056999,-0.1027304083,-1.226434588,3.345609665,3.564800046,
85.8076999,-0.09970413148,-1.432393432,3.731123924,3.997871633,
85.8096999,-0.09307698905,-1.659919143,4.172365665,4.491395121,
85.8116999,-0.1242016032,-1.758282542,4.422128677,4.760483754,
85.8136999,-0.1647115052,-1.837329626,4.572120667,4.930232999,
85.8156999,-0.2315288782,-1.956608653,4.64839077,5.048708725,
85.8176999,-0.266005367,-2.021395683,4.590489388,5.022886837,
85.8196999,-0.323456645,-2.092675924,4.360808372,4.847738275,
85.8216999,-0.3363470435,-2.131577015,4.055490494,4.593882133,
85.8236999,-0.3230161071,-2.108841658,3.565100431,4.154695371,
85.8256999,-0.2903783619,-2.062729359,2.709135056,3.417394439,
85.8276999,-0.2474072278,-2.03372097,2.071176052,2.91324588,
85.8296999,-0.202137664,-2.004090548,1.468191504,2.492553881,
85.8316999,-0.1354639232,-1.973339319,0.6766109467,2.090507335,
85.8336999,-0.0759344995,-1.974488497,0.08791508526,1.977902913,
85.8356999,-0.02567541972,-2.010851622,-0.4458961189,2.059856019,
85.8376999,0.0144609781,-2.107740164,-0.988527596,2.328081727,
85.8396999,0.03420835361,-2.219836712,-1.21218431,2.529473471,
85.8416999,0.03665044159,-2.434338093,-1.243605852,2.73384358,
85.8436999,0.01671152934,-2.634752035,-1.082859159,2.848645559,
85.8456999,-0.01267969236,-2.8659935,-0.822896719,2.98181799,
85.8476999,-0.0568479225,-3.181108713,-0.3891439736,3.205326405,
85.8496999,-0.08146031946,-3.416468143,-0.03428496793,3.417611127,
85.8516999,-0.104578726,-3.685097933,0.3408385515,3.702303932,
85.8536999,-0.1269884557,-4.054302692,0.7648708224,4.127774675,
85.8556999,-0.118991822,-4.344346046,1.038643003,4.468364456,
85.8576999,-0.0876756683,-4.58477211,1.167853236,4.731987268,
85.8596999,-0.03525222465,-4.892464638,1.081269383,5.010648304,
85.8616999,0.03125869855,-5.048538208,0.8191233873,5.114653289,
85.8636999,0.09633310139,-5.158814907,0.4318373799,5.177753841,
85.8656999,0.1751214862,-5.246758938,-0.113676697,5.250911281,
85.8676999,0.1935376823,-5.363164902,-0.4539502263,5.385820774,
85.8696999,0.221396625,-5.661722183,-0.7391762733,5.714061262,
85.8716999,0.6271754503,-6.71685648,-0.5274809599,6.766664332,
85.8736999,1.205547571,-9.405545235,0.3121176958,9.487625813,
85.8756999,2.880827904,-14.93911076,1.447409749,15.28303617,
85.8776999,4.618060589,-20.95974159,2.524369717,21.61040707,
85.8796999,6.368787289,-27.05317688,3.206669092,27.97710774,
85.8816999,8.290047646,-33.40961075,3.339719772,34.58439978,
85.8836999,9.374965668,-37.09313583,3.372223616,38.40784554,
85.8856999,10.21448803,-40.50818634,3.222978592,41.90031643,
85.8876999,11.32094479,-43.09461594,2.841093779,44.64730146,
85.8896999,11.61048889,-45.11143494,2.50329113,46.64881007,
85.8916999,11.78829288,-48.69608307,1.183425188,50.11659257,
85.8936999,12.0189209,-51.16703033,-0.1767878532,52.55997248,
85.8956999,12.13711834,-53.37934113,-1.610081553,54.76546415,
85.8976999,11.70158386,-56.21983337,-3.190091848,57.51324557,
85.8996999,11.07142067,-58.35695267,-4.16545105,59.54377602,
85.9016999,10.17435169,-60.43666077,-4.780713558,61.47326752,
85.9036999,8.672795296,-62.68118668,-4.946908951,63.47141443,
85.9056999,7.336016178,-63.85076523,-4.509813786,64.42884272,
85.9076999,5.85087347,-64.63407135,-3.421697378,64.98849062,
85.9096999,4.067557335,-64.59177399,-0.9673149586,64.72694947,
85.9116999,3.815332651,-62.26107025,2.140100241,62.41456289,
85.9136999,2.190005064,-61.7857666,5.863610744,62.10200486,
85.9156999,0.468985796,-61.43819427,8.069647789,61.96765994,
85.9176999,-1.38191402,-60.61329651,9.684967041,61.39771972,
85.9196999,-3.777389288,-58.21282196,10.79930592,59.32643861,
85.9216999,-5.222481728,-55.13337708,10.79459381,56.42239661,
85.9236999,-6.206345081,-51.15215683,10.15822506,52.51905753,
85.9256999,-6.718914986,-45.44150162,8.535223961,46.72177154,
85.9276999,-6.7260499,-41.56259537,6.962233543,42.67507208,
85.9296999,-6.546504021,-38.22723007,5.209964752,39.13210404,
85.9316999,-6.0445261,-34.71460342,2.877102613,35.35417523,
85.9336999,-5.492346764,-32.77208328,1.226472855,33.25176012,
85.9356999,-4.568002701,-30.01980209,-0.1491779238,30.36572773,
85.9376999,-3.657009125,-28.38436317,-0.6946344972,28.6274048,
85.9396999,-2.734446526,-27.05658531,-0.8625542521,27.20808715,
85.9416999,-1.575059056,-25.57205582,-0.7505726218,25.63150813,
85.9436999,-0.7934958935,-24.88298607,-0.7180210948,24.90598695,
85.9456999,-0.1346882135,-23.85495567,-0.5154333115,23.86090364,
85.9476999,0.6293973327,-22.688097,-0.1360960156,22.6972335,
85.9496999,1.140530586,-21.98972702,0.05887820944,22.01936355,
85.9516999,1.555493593,-21.40393448,0.1795363873,21.46113242,
85.9536999,1.961827993,-20.76224899,0.2441894263,20.8561593,
85.9556999,2.14953351,-20.34749603,0.2794799507,20.46262931,
85.9576999,2.243979931,-19.96829224,0.2557581961,20.09561029,
85.9596999,2.242581844,-19.75292015,0.2233407199,19.88106911,
85.9616999,2.194247484,-19.57116127,0.2147503197,19.6949535,
85.9636999,2.027304649,-19.36534691,0.302713275,19.47352717,
85.9656999,1.816241503,-19.30431366,0.3594175577,19.39289664,
85.9676999,1.553817749,-19.2943058,0.4291941822,19.3615287,
85.9696999,1.120735407,-19.24796486,0.4550994337,19.28593567,
85.9716999,0.7690654993,-19.22878075,0.4295006394,19.2489465,
85.9736999,0.4437221885,-19.1473217,0.4591695964,19.15796582,
85.9756999,0.0521552898,-18.97173119,0.5596303344,18.98005507,
85.9776999,-0.2660245299,-18.81010437,0.5807567239,18.82094774,
85.9796999,-0.6267445683,-18.41449356,0.6466259956,18.43649932,
85.9816999,-0.8565974832,-18.18915176,0.7182317376,18.22346998,
85.9836999,-1.043460131,-17.83238792,0.7982938886,17.88071982,
85.9856999,-1.257971048,-17.22906876,0.9101701379,17.29889335,
85.9876999,-1.40434289,-16.80861664,0.9640204906,16.8947065,
85.9896999,-1.533064842,-16.33257294,1.022592306,16.43620764,
85.9916999,-1.664372444,-15.62877464,1.061167598,15.75293018,
85.9936999,-1.708511949,-15.22905731,1.081834316,15.362733,
85.9956999,-1.68836236,-14.76210117,1.076069236,14.89725221,
85.9976999,-1.700860023,-13.91511917,1.195597291,14.06957424,
85.9996999,-1.687241793,-13.38479424,1.289852142,13.55224041,
86.0016999,-1.617733359,-12.69147205,1.373764157,12.8677019,
86.0036999,-1.548598409,-12.14858246,1.386386514,12.32510772,
86.0056999,-1.503778934,-11.60389137,1.436865807,11.78881798,
86.0076999,-1.384202838,-10.96844101,1.465854764,11.15219467,
86.0096999,-1.321398139,-10.52045727,1.475508213,10.70529022,
86.0116999,-1.296345353,-10.22233105,1.412406564,10.40055074,
86.0136999,-1.169280291,-9.64858532,1.29583776,9.805182842,
86.0156999,-1.14386344,-9.110722542,1.341672421,9.279750734,
86.0176999,-1.111828923,-8.674010277,1.374664426,8.852362403,
86.0196999,-1.027936101,-8.132442474,1.374511242,8.311591567,
86.0216999,-0.9732525349,-7.761867523,1.351344824,7.938509985,
86.0236999,-0.8581010103,-7.198435783,1.297963738,7.364680912,
86.0256999,-0.80481565,-6.779900551,1.269022703,6.944436502,
86.0276999,-0.7313807607,-6.401741028,1.211513877,6.556292541,
86.0296999,-0.6237374544,-5.986519337,1.03220737,6.106792467,
86.0316999,-0.5180190206,-5.689705372,0.8214984536,5.77199711,
86.0336999,-0.4993730187,-5.224761009,0.651309073,5.288828275,
86.0356999,-0.4610944986,-4.619841576,0.4916349351,4.668752428,
86.0376999,-0.3918829262,-4.251287937,0.3677972853,4.285124992,
86.0396999,-0.3196546733,-3.926213026,0.2463154793,3.946897408,
86.0416999,-0.2208315879,-3.454746723,0.1212423742,3.463919922,
86.0436999,-0.103065595,-3.085599422,0.07347325981,3.088194397,
86.0456999,-0.01279461384,-2.783977747,0.005822698586,2.784013237,
86.0476999,-0.00655053556,-2.472357988,-0.08900684118,2.4739683,
86.0496999,-0.03371993452,-2.211399555,-0.1451939642,2.21641745,
86.0516999,-0.07929596305,-1.8194592,-0.2952720821,1.844967542,
86.0536999,-0.09387185425,-1.697316647,-0.495685935,1.77070615,
86.0556999,-0.1226405874,-1.375248671,-0.6769174337,1.537714808,
86.0576999,-0.2397840917,-0.9021831155,-0.9093752503,1.303224513,
86.0596999,-0.325946629,-0.5702988505,-1.057614565,1.24500223,
86.0616999,-0.3944303691,-0.2584684491,-1.205183744,1.294159617,
86.0636999,-0.5395860076,0.1447438449,-1.399401426,1.506794011,
86.0656999,-0.6399700642,0.4501673877,-1.533447862,1.721532661,
86.0676999,-0.7354795933,0.7476900816,-1.574446201,1.891785276,
86.0696999,-0.888746798,1.109789014,-1.563442349,2.113256848,
86.0716999,-0.9924061894,1.36970365,-1.441663861,2.222465483,
86.0736999,-1.036631823,1.70236361,-1.105623126,2.279265209,
86.0756999,-1.112058878,1.910055757,-0.7913028002,2.347583452,
86.0776999,-1.199179053,2.049800634,-0.3942962885,2.407318551,
86.0796999,-1.343635678,2.092589855,0.1123550981,2.489359919,
86.0816999,-1.467454076,2.102817774,0.5265902877,2.617739747,
86.0836999,-1.594739556,2.105872869,0.9367362261,2.802743219,
86.0856999,-1.689645648,2.109167337,1.544758081,3.112839026,
86.0876999,-1.744242907,2.110469818,2.036804914,3.41248303,
86.0896999,-1.783766508,2.116761684,2.543283939,3.759095128,
86.0916999,-1.860878944,2.131289482,3.222537994,4.288358244,
86.0936999,-1.926144838,2.13069582,3.68393898,4.671327972,
86.0956999,-2.004981041,2.120314598,4.273142815,5.174498283,
86.0976999,-2.05005908,2.097186565,4.632339954,5.482655121,
86.0996999,-2.063935995,2.089151621,4.92189455,5.731442423,
86.1016999,-2.090003967,2.052932024,5.111122608,5.891198587,
86.1036999,-2.082936287,2.028884888,5.112444401,5.881503652,
86.1056999,-2.080934763,2.01398325,4.993126869,5.772151588,
86.1076999,-2.052041531,1.991812944,4.611041069,5.425854125,
86.1096999,-2.009644985,1.980043054,4.166466236,5.031767518,
86.1116999,-1.964021087,1.960726738,3.643390894,4.579970019,
86.1136999,-1.887636423,1.936210036,2.894733429,3.961257653,
86.1156999,-1.830644846,1.903160572,2.330410719,3.521944752,
86.1176999,-1.730136395,1.869967341,1.644797325,3.03240961,
86.1196999,-1.661298275,1.852480054,1.159013867,2.744978589,
86.1216999,-1.593714714,1.853753805,0.7471633554,2.556283012,
86.1236999,-1.510674238,1.835931301,0.2697786689,2.392814436,
86.1256999,-1.445628524,1.834322333,-0.01568681002,2.335556963,
86.1276999,-1.365786791,1.846695662,-0.2449938655,2.30990918,
86.1296999,-1.290790796,1.839915276,-0.4754405916,2.297275094,
86.1316999,-1.223312616,1.849271894,-0.6077728868,2.299062456,
86.1336999,-1.159693837,1.858599663,-0.7072184682,2.30205136,
86.1356999,-1.078166485,1.871154785,-0.7824730277,2.296938667,
86.1376999,-1.016807914,1.867534757,-0.8041070104,2.273361495,
86.1396999,-0.940566957,1.889264584,-0.7970584631,2.25594527,
86.1416999,-0.8758468628,1.902423143,-0.785125792,2.236681482,
86.1436999,-0.8087517619,1.91556251,-0.7530626059,2.211461605,
86.1456999,-0.7360541821,1.933279514,-0.7203482389,2.190490133,
86.1476999,-0.6584533453,1.943900228,-0.6754234433,2.160672518,
86.1496999,-0.569245398,1.950048566,-0.6253367066,2.125505994,
86.1516999,-0.466620326,1.953323841,-0.5564412475,2.083947077,
86.1536999,-0.3899196684,1.952777982,-0.501824677,2.053583989,
86.1556999,-0.294754982,1.961952567,-0.4654327929,2.037833668,
86.1576999,-0.1852920502,1.95879221,-0.422691524,2.012428431,
86.1596999,-0.09211929888,1.965840697,-0.395991385,2.00744235,
86.1616999,0.03747404367,1.963810444,-0.395809412,2.003651879,
86.1636999,0.1298136115,1.96776557,-0.4039305449,2.01298604,
86.1656999,0.2139267176,1.964413762,-0.427585274,2.02176043,
86.1676999,0.3352074027,1.943852425,-0.459217459,2.025291813,
86.1696999,0.4169262648,1.945212245,-0.4968160093,2.050488804,
86.1716999,0.4771452248,1.928089023,-0.5055692196,2.049584124,
86.1736999,0.5326045752,1.911137938,-0.5103958845,2.048565306,
86.1756999,0.5721950531,1.894378543,-0.5087774396,2.043264967,
86.1776999,0.6064225435,1.875253677,-0.506775856,2.034980694,
86.1796999,0.641291678,1.857996345,-0.5035580993,2.029033315,
86.1816999,0.6478901505,1.839465261,-0.5130103827,2.016574755,
86.1836999,0.656978488,1.806884885,-0.5343092084,1.995479905,
86.1856999,0.6568444371,1.790182829,-0.5623117685,1.988062801,
86.1876999,0.6498534083,1.758847713,-0.6076101065,1.971051692,
86.1896999,0.6381026506,1.721469402,-0.6927287579,1.962270376,
86.1916999,0.6221381426,1.695056558,-0.766307354,1.961504413,
86.1936999,0.5987132788,1.668002129,-0.8473079801,1.964336912,
86.1956999,0.574177444,1.628737092,-0.9910271168,1.991130081,
86.1976999,0.5566231608,1.612830043,-1.081949353,2.020312969,
86.1996999,0.5399116278,1.593628526,-1.183405995,2.057086822,
86.2016999,0.5023035407,1.55106926,-1.330007792,2.104054519,
86.2036999,0.4948623478,1.526782513,-1.420269132,2.143156082,
86.2056999,0.4534330666,1.486061931,-1.523085833,2.175723342,
86.2076999,0.4032984972,1.435860276,-1.600686669,2.187816771,
86.2096999,0.3559603393,1.391816497,-1.66946733,2.202494515,
86.2116999,0.301133126,1.335600615,-1.733267903,2.208784233,
86.2136999,0.275754571,1.27865696,-1.777282953,2.20674849,
86.2156999,0.2458270639,1.237342596,-1.819794416,2.214294326,
86.2176999,0.205949232,1.191958189,-1.822935581,2.187755367,
86.2196999,0.1730241627,1.155882359,-1.819420934,2.162474028,
86.2216999,0.1546845883,1.111752272,-1.81929636,2.137699624,
86.2236999,0.116846621,1.059434175,-1.772465825,2.068257481,
86.2256999,0.1068005487,1.031766891,-1.709756851,1.999804432,
86.2276999,0.07321469486,0.9867462516,-1.598110437,1.879623773,
86.2296999,0.05578489974,0.9421949983,-1.513058782,1.783308792,
86.2316999,0.04079719633,0.9005262852,-1.414111376,1.676998207,
86.2336999,0.01012268476,0.859403491,-1.254753232,1.520882146,
86.2356999,0.0003160346241,0.8230211735,-1.142580032,1.408138162,
86.2376999,-0.00659841951,0.8046720624,-0.9996462464,1.283290024,
86.2396999,-0.01755428687,0.7857195139,-0.8271583915,1.140988305,
86.2416999,-0.01732444391,0.7704253793,-0.6887735128,1.033568746,
86.2436999,-0.005228936672,0.740631938,-0.5635375977,0.9306651564,
86.2456999,-0.004797980189,0.7327215075,-0.3899675608,0.8300473039,
86.2476999,-0.003533841576,0.7279617786,-0.2546281517,0.7712174368,
86.2496999,0.001867477316,0.7274733782,-0.112412557,0.7361097652,
86.2516999,0.01239238866,0.6970670223,0.1059482098,0.7051815568,
86.2536999,0.02428678051,0.6807098389,0.2862316072,0.7388398104,
86.2556999,0.04784572497,0.6444999576,0.5287450552,0.8350094263,
86.2576999,0.07141424716,0.61738801,0.7564144731,0.978994793,
86.2596999,0.1089649051,0.5907357931,0.9898108244,1.157828828,
86.2616999,0.1691934466,0.4654711187,1.343214273,1.431612507,
86.2636999,0.1812219024,0.2895835042,1.666833639,1.701480051,
86.2656999,0.1373314112,0.06947015226,2.023263216,2.029108193,
86.2676999,0.01646253094,-0.2287611812,2.679408789,2.689206974,
86.2696999,-0.07664319128,-0.4363576472,3.34875083,3.377930475,
86.2716999,-0.1441213638,-0.657725513,4.164857388,4.218934804,
86.2736999,-0.1601050496,-0.9356923103,5.316401482,5.400488722,
86.2756999,-0.1612830013,-1.118934989,6.158901691,6.261796688,
86.2776999,-0.2118198127,-1.338282108,7.102916718,7.230995266,
86.2796999,-0.252645731,-1.503836393,7.475166798,7.629120029,
86.2816999,-0.2817879617,-1.633429646,7.502556801,7.683479382,
86.2836999,-0.2971108258,-1.732722044,6.909359932,7.129505957,
86.2856999,-0.2805621326,-1.773279905,6.130841732,6.388306276,
86.2876999,-0.2701617181,-1.80020988,5.26771307,5.573378145,
86.2896999,-0.2440744936,-1.837272048,4.158019543,4.552391399,
86.2916999,-0.2349573821,-1.878576875,3.422319889,3.911077789,
86.2936999,-0.2190215737,-1.92489028,2.811846256,3.414623319,
86.2956999,-0.2052980065,-2.008821487,2.221512794,3.002104285,
86.2976999,-0.2020897865,-2.087724686,1.884811401,2.819919975,
86.2996999,-0.2040530294,-2.235504389,1.57031858,2.739528783,
86.3016999,-0.2419101447,-2.361985445,1.388225198,2.750393601,
86.3036999,-0.2497631162,-2.504899979,1.277613044,2.822977259,
86.3056999,-0.2682655156,-2.789915323,1.325832248,3.100552378,
86.3076999,-0.2826307416,-3.049082994,1.570538759,3.441421107,
86.3096999,-0.2864327133,-3.380066872,1.933748722,3.904648496,
86.3116999,-0.2419484407,-3.855612755,2.319158077,4.505860956,
86.3136999,-0.1915361285,-4.285209656,2.356880903,4.894343212,
86.3156999,-0.09470503777,-4.733231544,2.234498739,5.235020011,
86.3176999,0.06432741135,-5.421286583,1.816480875,5.717874518,
86.3196999,0.2012470216,-5.899083138,1.342419267,6.053244726,
86.3216999,0.3611796796,-6.425328732,0.6302113533,6.466255982,
86.3236999,0.4748372436,-6.74048233,0.05737464875,6.757430303,
86.3256999,0.5977172256,-6.998347282,-0.5149161816,7.042674864,
86.3276999,0.7744476199,-7.302506924,-1.038250327,7.416491099,
86.3296999,0.9058510065,-7.538201809,-1.191201568,7.685311557,
86.3316999,1.017890096,-7.767834187,-1.178196311,7.922341494,
86.3336999,1.119547844,-8.077739716,-1.15938735,8.236956071,
86.3356999,1.112997293,-8.311930656,-1.005957365,8.44623611,
86.3376999,1.040127397,-8.625188828,-0.6057808995,8.708772463,
86.3396999,0.8769099116,-9.707463264,0.1364982277,9.747945722,
86.3416999,1.260757923,-11.30034447,0.8368884325,11.40121388,
86.3436999,3.869585514,-16.05305481,2.356995821,16.68021853,
86.3456999,7.409546852,-22.73884392,4.56090641,24.34662758,
86.3476999,11.47474766,-29.6364727,6.918486118,32.52469521,
86.3496999,15.75409603,-36.73099899,8.613255501,40.88454475,
86.3516999,17.84813309,-40.9007225,8.947620392,45.51356794,
86.3536999,19.12901115,-44.70837402,8.51513195,49.36866666,
86.3556999,19.89222527,-49.31786346,6.872431755,53.62072921,
86.3576999,20.11863136,-52.54057312,4.926625252,56.47603729,
86.3596999,20.23442459,-55.62222672,2.553741693,59.24344386,
86.3616999,20.00011635,-59.64677811,-0.6755288243,62.91422042,
86.3636999,19.4757309,-62.84935379,-2.97025609,65.86476894,
86.3656999,18.08115387,-66.75379944,-5.885991573,69.40924118,
86.3676999,16.71319389,-69.03638458,-7.554214001,71.43122143,
86.3696999,15.22553349,-70.9901123,-8.607145309,73.11289808,
86.3716999,12.98260689,-72.67631531,-7.941691399,74.25271275,
86.3736999,11.16078186,-73.31976318,-6.158490181,74.41960579,
86.3756999,9.248140335,-73.5055542,-3.795633316,74.18221775,
86.3776999,6.703879833,-72.69852448,-0.3472262919,73.00779432,
86.3796999,4.959559917,-71.1785965,2.091507673,71.38182008,
86.3816999,3.480077744,-68.98616028,4.2266469,69.20307649,
86.3836999,1.753206968,-64.46709442,6.393486023,64.80707262,
86.3856999,0.9471557736,-58.80697632,7.336475372,59.27040947,
86.3876999,0.266972661,-50.57788467,7.340191364,51.10843474,
86.3896999,-0.11327447,-45.03436661,6.586755276,45.51365017,
86.3916999,-0.4415195286,-40.33604813,5.416948318,40.7005534,
86.3936999,-0.7985619903,-35.51314545,3.365232468,35.68117137,
86.3956999,-1.035109162,-32.50458145,1.756913066,32.56848185,
86.3976999,-1.244831681,-30.07506943,0.2758311629,30.10208448,
86.3996999,-1.323974371,-27.57962227,-1.343319535,27.64404059,
86.4016999,-1.299649239,-26.06571198,-2.248777866,26.19479778,
86.4036999,-1.236126304,-24.77633858,-2.91261363,24.97755552,
86.4056999,-1.09378624,-23.37078857,-3.550170183,23.66418888,
86.4076999,-0.9923295975,-22.63742638,-3.915142298,22.99491531,
86.4096999,-0.8968008757,-21.42677307,-4.094831944,21.8329683,
86.4116999,-0.8808267713,-20.70462418,-3.963093281,21.09889633,
86.4136999,-0.9229456186,-20.05310631,-3.827198505,20.43590834,
86.4156999,-0.9657443166,-19.31737709,-3.543389797,19.6634008,
86.4176999,-1.11183846,-18.91974831,-3.35899806,19.24775126,
86.4196999,-1.335437894,-18.55177879,-3.185619354,18.8706137,
86.4216999,-1.582327843,-18.15701294,-2.830405951,18.44429663,
86.4236999,-1.877130747,-17.97836685,-2.520586967,18.25099047,
86.4256999,-2.193223,-17.92702484,-2.230696678,18.19792445,
86.4276999,-2.604326487,-17.8648243,-1.772542477,18.14046224,
86.4296999,-2.998967648,-17.86023712,-1.428122163,18.1664914,
86.4316999,-3.504249334,-17.91915512,-0.9673819542,18.28419294,
86.4336999,-3.794656515,-17.96458626,-0.5870965719,18.37036907,
86.4356999,-4.116417885,-17.89838028,-0.2146353871,18.36689906,
86.4376999,-4.507754803,-17.77774239,0.1604115069,18.34103894,
86.4396999,-4.745824814,-17.71448898,0.4463366568,18.3446229,
86.4416999,-4.862432003,-17.59708595,0.6954197884,18.2697643,
86.4436999,-4.898488998,-17.15740395,1.119385004,17.87805156,
86.4456999,-4.868388653,-16.76629639,1.34950614,17.51088431,
86.4476999,-4.752547741,-16.4631443,1.563969135,17.20662168,
86.4496999,-4.472090721,-16.0059185,1.803858638,16.71654655,
86.4516999,-4.119214535,-15.48250771,2.005258799,16.1461152,
86.4536999,-3.646704435,-14.95591736,2.214713097,15.55258407,
86.4556999,-2.948066711,-14.22290802,2.467895269,14.73338783,
86.4576999,-2.397228003,-13.65509987,2.637730122,14.11262111,
86.4596999,-1.65663445,-12.97576809,2.720914602,13.36107673,
86.4616999,-1.147971749,-12.49901676,2.740882158,12.84740029,
86.4636999,-0.6966935396,-12.03652382,2.688152075,12.35271019,
86.4656999,-0.1563509554,-11.45943451,2.53365922,11.73722769,
86.4676999,0.2023004591,-11.11313725,2.389959335,11.36902153,
86.4696999,0.5313020349,-10.77007675,2.244372606,11.01426545,
86.4716999,0.9339972734,-10.28210068,1.992789745,10.51499673,
86.4736999,1.172038317,-9.994748116,1.793707132,10.22184176,
86.4756999,1.360873818,-9.727115631,1.572645783,9.946957867,
86.4776999,1.625184059,-9.305285454,1.343367457,9.541184241,
86.4796999,1.805687785,-9.011410713,1.214099765,9.270386705,
86.4816999,1.988652706,-8.662595749,1.095462203,8.955185209,
86.4836999,2.137974024,-8.393420219,1.061167598,8.726196914,
86.4856999,2.271072865,-8.143915176,1.021069527,8.516085329,
86.4876999,2.347447872,-7.788625717,0.9625744224,8.191443804,
86.4896999,2.4050138,-7.533595085,0.9311529398,7.962800517,
86.4916999,2.463135481,-7.220328331,0.9552194476,7.688473307,
86.4936999,2.480057955,-7.014062881,0.9643173814,7.501844678,
86.4956999,2.519485712,-6.742052555,0.9831166863,7.264268671,
86.4976999,2.540152311,-6.434666157,0.9593662024,6.984102364,
86.4996999,2.496922493,-6.110088825,0.7943291068,6.648215258,
86.5016999,2.451241255,-6.014933586,0.5658168793,6.519828102,
86.5036999,2.318008661,-5.623768806,0.007910442539,6.082762721,
86.5056999,2.194573164,-5.302984238,-0.3548015356,5.750102375,
86.5076999,2.124595404,-5.036279678,-0.5885522366,5.497673359,
86.5096999,2.040817499,-4.60307312,-0.8448371291,5.105582042,
86.5116999,1.977428555,-4.19818449,-0.9804734588,4.743026977,
86.5136999,1.925005198,-3.818397522,-1.122813582,4.421144081,
86.5156999,1.795268178,-3.321179152,-1.268314004,3.982692456,
86.5176999,1.71571362,-2.984631062,-1.349008203,3.697501715,
86.5196999,1.64473033,-2.672934532,-1.417568445,3.443721412,
86.5216999,1.52815187,-2.196555614,-1.550820231,3.092757361,
86.5236999,1.421245933,-1.818281293,-1.629914999,2.825368961,
86.5256999,1.225610971,-1.405520916,-1.813483238,2.601217552,
86.5276999,1.077419519,-0.9348686934,-1.923415422,2.394648029,
86.5296999,0.9178124666,-0.4851706326,-2.030531883,2.280532831,
86.5316999,0.7133093476,0.01788947545,-2.09472537,2.212917675,
86.5336999,0.5843480229,0.3652498424,-2.102530479,2.212578694,
86.5356999,0.4537778199,0.6872221231,-2.101898432,2.257468842,
86.5376999,0.2284451425,1.040845752,-2.065813065,2.324463525,
86.5396999,0.0847068578,1.267308474,-2.021817207,2.387674777,
86.5416999,-0.06232585758,1.391213179,-1.919661403,2.371594089,
86.5436999,-0.09278010577,1.487536669,-1.705562234,2.265020093,
86.5456999,-0.1527213454,1.526159883,-1.450704217,2.111168047,
86.5476999,-0.2762812972,1.567522168,-1.086670637,1.92725457,
86.5496999,-0.3752863109,1.570624948,-0.7834785581,1.794865229,
86.5516999,-0.484212935,1.55142355,-0.4310520589,1.681422931,
86.5536999,-0.5866751671,1.496577144,0.08032067865,1.609466468,
86.5556999,-0.6861590743,1.464389563,0.5027344823,1.693514991,
86.5576999,-0.7589715123,1.42019248,0.9228211045,1.855958843,
86.5596999,-0.8210196495,1.376091361,1.494039297,2.190856937,
86.5616999,-0.884983182,1.349161386,1.905286551,2.496707536,
86.5636999,-0.941486299,1.313315392,2.286912918,2.800207932,
86.5656999,-1.002069116,1.278771877,2.773931742,3.214669086,
86.5676999,-1.031680703,1.246143699,3.094984531,3.49230131,
86.5696999,-1.083088994,1.205403924,3.427366734,3.791163821,
86.5716999,-1.106025338,1.181768417,3.586447001,3.934777088,
86.5736999,-1.119442463,1.153143287,3.662822008,3.99989449,
86.5756999,-1.125638723,1.105479479,3.610321999,3.939996491,
86.5776999,-1.125657797,1.074086785,3.505187988,3.834985102,
86.5796999,-1.129957914,1.04572022,3.323717117,3.662981182,
86.5816999,-1.114769101,1.019412756,2.993518353,3.353067945,
86.5836999,-1.103841901,0.99237746,2.724764347,3.102840749,
86.5856999,-1.080934167,0.9772940278,2.455502987,2.855348877,
86.5876999,-1.045480847,0.9540606737,2.08907485,2.523389724,
86.5896999,-1.01094687,0.9399061203,1.793391109,2.263114835,
86.5916999,-0.9686365128,0.9073928595,1.410864711,1.937048716,
86.5936999,-0.931038022,0.898457706,1.145884037,1.72832528,
86.5956999,-0.9075748324,0.9020202756,0.8927115798,1.560213645,
86.5976999,-0.8439657092,0.8962167501,0.5547940135,1.35028848,
86.5996999,-0.8040112257,0.9034568071,0.3129700422,1.249247174,
86.6016999,-0.7551407814,0.8956229687,0.08477389812,1.174548728,
86.6036999,-0.6864367723,0.8698996305,-0.1490534246,1.118095583,
86.6056999,-0.6468079686,0.8694112301,-0.3140905499,1.128223962,
86.6076999,-0.5987610817,0.8685302138,-0.4583076835,1.15017629,
86.6096999,-0.5261784792,0.879668057,-0.6283342838,1.202282685,
86.6116999,-0.4815314412,0.8824931383,-0.7507546544,1.254710811,
86.6136999,-0.4109216332,0.9051423073,-0.8837285638,1.33008096,
86.6156999,-0.3659968376,0.8985056281,-0.9642983079,1.367895199,
86.6176999,-0.3266265988,0.8970690966,-1.03914094,1.411110127,
86.6196999,-0.2678920329,0.9104574323,-1.111761928,1.461750136,
86.6216999,-0.2193950713,0.924774766,-1.15653348,1.496967687,
86.6236999,-0.1794789433,0.9384408593,-1.193001986,1.528442892,
86.6256999,-0.13401784,0.962488234,-1.225793004,1.564261126,
86.6276999,-0.1048181504,0.9861908555,-1.251487494,1.596803117,
86.6296999,-0.08261910826,0.9993206263,-1.242159724,1.596379783,
86.6316999,-0.04691677541,1.024038315,-1.218993425,1.592733696,
86.6336999,-0.02065717243,1.05327642,-1.181988597,1.583324028,
86.6356999,-0.001829170156,1.06844604,-1.095021605,1.529919149,
86.6376999,0.01459505409,1.104541063,-1.035329461,1.513978556,
86.6396999,0.02819411829,1.112077951,-0.9931052923,1.491231169,
86.6416999,0.04400542751,1.122554898,-0.9466481805,1.469084325,
86.6436999,0.06476794183,1.145845771,-0.9460544586,1.487338716,
86.6456999,0.07146213204,1.162748933,-0.9453457594,1.500256819,
86.6476999,0.07712202519,1.193346858,-0.9543096423,1.529944909,
86.6496999,0.09161173552,1.212634444,-0.9728982449,1.557371504,
86.6516999,0.104971379,1.243634462,-1.037819505,1.623180517,
86.6536999,0.1004223973,1.263372302,-1.089227676,1.671110757,
86.6556999,0.1165976226,1.270698667,-1.150997996,1.718448863,
86.6576999,0.1247570664,1.274998665,-1.215967178,1.76628483,
86.6596999,0.1248528287,1.277383208,-1.302225471,1.828411131,
86.6616999,0.1201218888,1.280984163,-1.386961102,1.891827369,
86.6636999,0.1206390411,1.299467325,-1.480459332,1.973557433,
86.6656999,0.1069154739,1.307693839,-1.550494671,2.031139537,
86.6676999,0.103937082,1.304083347,-1.613510013,2.077221908,
86.6696999,0.1013704985,1.316025615,-1.697220802,2.150059964,
86.6716999,0.09236830473,1.32620585,-1.741226315,2.190712884,
86.6736999,0.08190084994,1.327747703,-1.789292216,2.229616188,
86.6756999,0.05976885185,1.353681684,-1.864527702,2.304883938,
86.6776999,0.04971320182,1.356439829,-1.90382123,2.338147918,
86.6796999,0.03488830477,1.340360403,-1.944494009,2.361956849,
86.6816999,0.003830722766,1.325276852,-1.979583383,2.382251829,
86.6836999,-0.01718079112,1.300798416,-1.986564994,2.374618322,
86.6856999,-0.06489244103,1.300846457,-1.983251333,2.372698545,
86.6876999,-0.1093096659,1.291145086,-1.965706706,2.354359168,
86.6896999,-0.1487661153,1.288607359,-1.949732542,2.341814952,
86.6916999,-0.199369967,1.259378791,-1.91222024,2.298340612,
86.6936999,-0.2289335579,1.249591351,-1.857297063,2.250209212,
86.6956999,-0.2737530172,1.24170959,-1.799137235,2.203106491,
86.6976999,-0.3434434533,1.21957767,-1.687548399,2.11024707,
86.6996999,-0.3819613755,1.197847843,-1.580805182,2.01982152,
86.7016999,-0.4318756759,1.159339428,-1.438618302,1.897421178,
86.7036999,-0.5053489208,1.108046174,-1.21775806,1.722230689,
86.7056999,-0.5635567904,1.061972022,-1.029746056,1.58295855,
86.7076999,-0.6393667459,1.014097691,-0.7531200647,1.415759087,
86.7096999,-0.6890129447,0.9660125375,-0.5227595568,1.296609662,
86.7116999,-0.7342633605,0.9304059744,-0.2865380645,1.21938592,
86.7136999,-0.7874338031,0.8737304211,0.07512047887,1.178600835,
86.7156999,-0.817217648,0.8188552856,0.3787147999,1.217289433,
86.7176999,-0.8415236473,0.7666042447,0.7000262737,1.33636855,
86.7196999,-0.8699762821,0.6998155713,1.153871059,1.60562106,
86.7216999,-0.8933724165,0.6648602486,1.531216383,1.893350743,
86.7236999,-0.9242576361,0.6096403599,1.912066936,2.209505265,
86.7256999,-0.9353092909,0.4416440129,2.390122175,2.604330416,
86.7276999,-0.9047496915,0.2557581961,2.734906197,2.892005561,
86.7296999,-0.774648726,0.03017651662,3.24843359,3.339657476,
86.7316999,-0.6159610748,-0.120868884,3.69320941,3.746173124,
86.7336999,-0.416351676,-0.2687539458,4.132430553,4.162037924,
86.7356999,-0.1683411151,-0.4838011265,4.735922337,4.763545176,
86.7376999,0.01459505409,-0.6280565858,5.194239616,5.232092629,
86.7396999,0.1566286832,-0.7848959565,5.668550491,5.72477588,
86.7416999,0.3048584759,-1.010764837,6.313442707,6.401104831,
86.7436999,0.3862517774,-1.191153646,6.842580795,6.9562166,
86.7456999,0.4640441537,-1.393569112,7.402555466,7.546866851,
86.7476999,0.535946846,-1.640641093,8.126188278,8.307459187,
86.7496999,0.5299038887,-1.658224106,8.747818947,8.919352087,
86.7516999,0.502207756,-1.78468585,9.497203827,9.676476463,
86.7536999,0.5142266154,-1.97668159,9.978563309,10.18545163,
86.7556999,0.5572456717,-2.207750797,10.35277748,10.60022112,
86.7576999,0.6750499606,-2.607333422,10.52752495,10.86658463,
86.7596999,0.7704541087,-2.910860777,10.30895424,10.73970426,
86.7616999,0.8918018341,-3.213746548,9.822039604,10.37284625,
86.7636999,1.018675327,-3.622532368,8.79102993,9.562564897,
86.7656999,1.101399779,-3.951917171,7.864004612,8.869797029,
86.7676999,1.183971047,-4.290926933,6.816627502,8.141268445,
86.7696999,1.279040098,-4.728002548,5.245369911,7.176618784,
86.7716999,1.354955316,-5.028618813,3.973646879,6.550784731,
86.7736999,1.470212221,-5.438534737,2.099389076,6.012205797,
86.7756999,1.573392749,-5.660974979,0.5156439543,5.898143025,
86.7776999,1.671296358,-5.844744205,-1.055162907,6.169897495,
86.7796999,1.835529089,-6.091443062,-2.950384378,7.012817807,
86.7816999,1.957058668,-6.232059002,-4.118189812,7.721924978,
86.7836999,2.07537055,-6.353081226,-4.96654129,8.326784276,
86.7856999,2.146928549,-6.497355938,-5.519362926,8.791376655,
86.7876999,2.117364883,-6.586381912,-5.584580421,8.891074132,
86.7896999,2.006159067,-6.675867558,-5.327376366,8.773415571,
86.7916999,1.850468874,-6.857587337,-4.622140408,8.474368477,
86.7936999,1.773107409,-6.939756393,-3.815131664,8.11537789,
86.7956999,1.64097631,-7.051690102,-2.704796553,7.728846028,
86.7976999,1.68657136,-7.142018318,-1.883470535,7.576305819,
86.7996999,1.870494008,-7.313702106,-1.183530569,7.641317357,
86.8016999,1.961607814,-7.554998875,-0.3627023995,7.813927709,
86.8036999,1.977476597,-7.669011116,0.2166752517,7.922821048,
86.8056999,2.014625072,-7.841335773,0.6027929783,8.118412423,
86.8076999,2.072258234,-8.20548439,0.9046347737,8.511321422,
86.8096999,2.177392244,-8.644054413,1.1165694,8.983732014,
86.8116999,2.713932753,-10.66610146,1.057365775,11.05663482,
86.8136999,3.731794119,-15.56377602,1.242169261,16.05304942,
86.8156999,5.520828247,-25.42938042,2.029066801,26.10076713,
86.8176999,8.942860603,-39.18161011,3.065746546,40.3059813,
86.8196999,11.99744034,-44.69429779,3.738316059,46.42729624,
86.8216999,14.55751228,-48.63220978,3.867669821,50.9114119,
86.8236999,16.79838181,-52.78546143,2.824659824,55.46592893,
86.8256999,17.4879303,-55.66675186,1.304734588,58.36366422,
86.8276999,18.11359215,-58.18754578,-0.2240493894,60.94212748,
86.8296999,19.31435204,-61.24565125,-1.929295659,64.24792738,
86.8316999,19.98955536,-65.02278137,-3.492316723,68.11564209,
86.8336999,20.53077698,-68.69928741,-4.890291214,71.86807249,
86.8356999,20.37917519,-73.60035706,-6.898758411,76.68061168,
86.8376999,19.88737869,-76.15046692,-7.995896339,79.10964418,
86.8396999,18.73869896,-77.61928558,-8.419037819,80.29179616,
86.8416999,17.4276619,-78.07422638,-7.679660797,80.3634582,
86.8436999,15.63891602,-78.14674377,-6.07576561,79.9274933,
86.8456999,12.81086636,-78.14674377,-2.795623064,79.23917824,
86.8476999,10.4342947,-78.14674377,0.1033145934,78.84033703,
86.8496999,7.949151993,-78.14674377,3.164100409,78.6137018,
86.8516999,4.471707821,-76.05532837,7.002925396,76.50784344,
86.8536999,2.060402155,-71.59320831,9.177080154,72.20838964,
86.8556999,0.1881938279,-64.98329926,10.66428185,65.85280181,
86.8576999,-1.73140049,-55.76233673,11.4926281,56.960657,
86.8596999,-2.893641949,-49.61532211,11.29343987,50.96660805,
86.8616999,-3.853735924,-44.40410233,10.41823483,45.77242839,
86.8636999,-4.418757915,-39.70591736,8.089136124,40.76173963,
86.8656999,-4.33027792,-36.17798996,6.507478714,37.01277541,
86.8676999,-4.766597271,-32.46077728,4.469342232,33.11189411,
86.8696999,-5.034537315,-30.09716415,3.007864237,30.66322069,
86.8716999,-5.072039604,-28.01463127,1.803360581,28.527132,
86.8736999,-5.034440994,-25.64952278,0.5633556247,26.14499923,
86.8756999,-4.965986252,-24.13890648,-0.07612603903,24.64454545,
86.8776999,-4.803822041,-22.74368858,-0.441845119,23.2496732,
86.8796999,-4.604691505,-20.9394207,-0.5017288923,21.44561156,
86.8816999,-4.574764252,-19.66443253,-0.3218956292,20.19212696,
86.8836999,-4.495047092,-18.53117752,-0.09298121929,19.06878691,
86.8856999,-4.287412167,-17.21434784,0.2648465931,17.74220444,
86.8876999,-4.164666176,-16.31368828,0.5245408416,16.845059,
86.8896999,-3.992130041,-15.28166294,0.8444445133,15.81706076,
86.8916999,-3.89341259,-14.65053177,1.032619119,15.194178,
86.8936999,-3.780051708,-13.96041775,1.267289281,14.51854251,
86.8956999,-3.567322254,-13.17270565,1.619907379,13.74300048,
86.8976999,-3.4412148,-12.65752125,1.880530477,13.25108291,
86.8996999,-3.276666164,-12.17272472,2.148767233,12.78784458,
86.9016999,-3.055528164,-11.60497379,2.41996336,12.24205423,
86.9036999,-2.87958312,-11.22677517,2.527472734,11.86257131,
86.9056999,-2.709020138,-10.87487602,2.566267967,11.49728011,
86.9076999,-2.510425806,-10.42452621,2.472060919,11.00382069,
86.9096999,-2.346786976,-10.15013218,2.352552176,10.68021976,
86.9116999,-2.098948717,-9.807712555,2.211102724,10.27062737,
86.9136999,-1.892558932,-9.532045364,2.059176207,9.933875115,
86.9156999,-1.680547595,-9.271009445,1.897845387,9.611330473,
86.9176999,-1.378590941,-8.946997643,1.636465549,9.199309718,
86.9196999,-1.182860136,-8.709961891,1.389910698,8.899126137,
86.9216999,-0.9986981153,-8.434351921,1.209081411,8.578902501,
86.9236999,-0.7390134335,-8.134883881,0.8997026682,8.21778203,
86.9256999,-0.5108172894,-7.844448566,0.6678482294,7.889380766,
86.9276999,-0.3254390657,-7.535625458,0.4813686311,7.55799427,
86.9296999,-0.1244506091,-7.187374592,0.2711768448,7.193565066,
86.9316999,0.04236779362,-6.90286684,0.1486894935,6.904598048,
86.9336999,0.2037465721,-6.634945869,-0.1023473367,6.638862428,
86.9356999,0.3024738729,-6.260588169,-0.2706980407,6.273733505,
86.9376999,0.3864720464,-5.892072678,-0.3834840655,5.917173405,
86.9396999,0.5034144521,-5.549520016,-0.5607220531,5.600447101,
86.9416999,0.5950931907,-5.270356655,-0.7198215127,5.352470288,
86.9436999,0.6881414652,-4.990464211,-0.947883606,5.126085743,
86.9456999,0.8055243492,-4.588928223,-1.259148955,4.826239509,
86.9476999,0.8504587412,-4.369637966,-1.496385574,4.696401368,
86.9496999,0.8993962407,-4.170096397,-1.608989716,4.559327304,
86.9516999,0.9320435524,-3.847960949,-1.621458769,4.278391893,
86.9536999,0.9123536348,-3.553761482,-1.573287368,3.992097565,
86.9556999,0.8602463007,-3.109464645,-1.51512742,3.564323944,
86.9576999,0.820962131,-2.885348082,-1.546041369,3.374826853,
86.9596999,0.7363128066,-2.480727911,-1.544269681,3.013459203,
86.9616999,0.6449500918,-1.826210856,-1.460003257,2.425410527,
86.9636999,0.5845395327,-1.373524785,-1.470585704,2.095442462,
86.9656999,0.5189958811,-0.9780984521,-1.499881268,1.864316798,
86.9676999,0.38393417,-0.5333324075,-1.499076724,1.636789519,
86.9696999,0.3534799516,-0.2283685356,-1.434078932,1.494550985,
86.9716999,0.3723749816,0.1699308604,-1.179536939,1.248537951,
86.9736999,0.2455876321,0.4786200821,-1.030761361,1.162694909,
86.9756999,0.1412004381,0.7547481656,-0.9795349836,1.244616865,
86.9776999,0.1787319481,1.044159293,-0.8542894721,1.360890973,
86.9796999,0.1368525624,1.260786653,-0.7639227509,1.48050315,
86.9816999,0.06361872703,1.430200338,-0.6205675006,1.56032829,
86.9836999,-0.08618168533,1.496663332,-0.508528471,1.583044414,
86.9856999,-0.1767495424,1.518958092,-0.4210921824,1.586125062,
86.9876999,-0.2564860582,1.532241225,-0.34614411,1.59165449,
86.9896999,-0.3713502586,1.496462226,-0.2559880614,1.562955564,
86.9916999,-0.4429177344,1.462033749,-0.1776210368,1.537942793,
86.9936999,-0.4903612435,1.416610837,-0.04611232504,1.499788905,
86.9956999,-0.5450735688,1.343539834,0.1158793643,1.454521402,
86.9976999,-0.5725685358,1.307780027,0.247732833,1.448963383,
86.9996999,-0.5906208754,1.252770901,0.3857058883,1.437719368,
87.0016999,-0.5973724723,1.220573664,0.4401787817,1.428429662,
87.0036999,-0.5945186019,1.19630599,0.4294814765,1.403230105,
87.0056999,-0.5816186666,1.162720084,0.3538917601,1.347381774,
87.0076999,-0.5405245423,1.14389205,0.2853409648,1.296948445,
87.0096999,-0.468985796,1.116904616,0.1892760098,1.226070555,
87.0116999,-0.3943154216,1.10270226,0.03625778854,1.171644807,
87.0136999,-0.3450044692,1.103621602,-0.113695845,1.161867234,
87.0156999,-0.2832819521,1.099532366,-0.2685719728,1.166769468,
87.0176999,-0.236259833,1.087168694,-0.399199605,1.181996109,
87.0196999,-0.1978568286,1.086699486,-0.4959349334,1.21079088,
87.0216999,-0.1044733897,1.093661785,-0.6632130146,1.283301326,
87.0236999,-0.04046200961,1.111216068,-0.7760469317,1.355981993,
87.0256999,0.02773443237,1.127860546,-0.8826751113,1.432464297,
87.0276999,0.1002117097,1.13443017,-0.9881827831,1.507806158,
87.0296999,0.1565807909,1.158812761,-1.035607219,1.562000919,
87.0316999,0.2022813112,1.169979334,-1.06205833,1.593027704,
87.0336999,0.2454152554,1.171406269,-1.115381956,1.636000673,
87.0356999,0.2863561213,1.167240381,-1.176414967,1.681785393,
87.0376999,0.3269042969,1.149896741,-1.245655298,1.72649531,
87.0396999,0.3716567159,1.125533342,-1.37261498,1.813567176,
87.0416999,0.4107492268,1.104684711,-1.45659399,1.873688685,
87.0436999,0.4472751915,1.08111608,-1.573153377,1.960530189,
87.0456999,0.4763982594,1.063667178,-1.638122439,2.01041993,
87.0476999,0.5019970536,1.054913998,-1.704863191,2.066737304,
87.0496999,0.5414343476,1.033643961,-1.773950219,2.12331589,
87.0516999,0.5722621083,1.037484288,-1.821709752,2.173127698,
87.0536999,0.594384551,1.01529479,-1.814249396,2.162317594,
87.0556999,0.6158940196,0.9992727637,-1.735949516,2.095564893,
87.0576999,0.6327396035,1.009031534,-1.666555882,2.048392675,
87.0596999,0.6308051348,1.013695478,-1.594720364,1.99214123,
87.0616999,0.6533105969,1.009730697,-1.461008906,1.892331324,
87.0636999,0.656930685,1.015179753,-1.352379203,1.814132676,
87.0656999,0.6682216525,1.01934576,-1.24100101,1.739445159,
87.0676999,0.6765343547,1.011119246,-1.100049496,1.640173697,
87.0696999,0.6837265491,1.01698029,-1.007882357,1.586681364,
87.0716999,0.6777505875,1.032743692,-0.8933340907,1.524451111,
87.07375771,0.6665744781,1.04569149,-0.812802732,1.4827139,
87.0756999,0.6592290401,1.048631549,-0.742633462,1.444200648,
87.0776999,0.6435518265,1.05561316,-0.6958220005,1.418677678,
87.0796999,0.646712184,1.082734585,-0.667532146,1.426937278,
87.0816999,0.6474208832,1.115094662,-0.6286695004,1.434508712,
87.0836999,0.6493554115,1.159358621,-0.5436753035,1.435742908,
87.0856999,0.6554079056,1.197378516,-0.4680376947,1.443029493,
87.0876999,0.6464344263,1.230380297,-0.394411236,1.444739895,
87.0896999,0.6382271051,1.270420909,-0.2878979743,1.450582079,
87.0916999,0.630307138,1.294142604,-0.2199600935,1.456184951,
87.0936999,0.6089603901,1.313420773,-0.1126615554,1.452101756,
87.0956999,0.6064608693,1.33229661,-0.0194409173,1.46396277,
87.0976999,0.5997092128,1.346977949,0.06315904111,1.475801409,
87.0996999,0.5987227559,1.350636244,0.1456536502,1.484554542,
87.1016999,0.5976119041,1.356918573,0.193212077,1.495225371,
87.1036999,0.574072063,1.373764157,0.2236663252,1.505594008,
87.1056999,0.5422101021,1.398041368,0.2524063289,1.520598703,
87.1076999,0.5285343528,1.419254065,0.2619256675,1.536956641,
87.1096999,0.505396843,1.434557796,0.2623662055,1.543443573,
87.1116999,0.4814452231,1.463594556,0.2385199368,1.559099191,
87.1136999,0.4617074132,1.469695091,0.2274874747,1.557218015,
87.1156999,0.4282843769,1.493474245,0.2305711955,1.570686444,
87.1176999,0.4091978073,1.512264013,0.2327163965,1.583837811,
87.1196999,0.3994486034,1.535075903,0.2136777192,1.600523471,
87.1216999,0.366743803,1.570414305,0.2180064172,1.627337981,
87.1236999,0.3481456637,1.578516364,0.2195866108,1.631299358,
87.1256999,0.3222978413,1.588112354,0.1988240778,1.632638283,
87.1276999,0.2907518744,1.594768167,0.2049724013,1.633963232,
87.1296999,0.2622225285,1.603904366,0.2196536362,1.639974875,
87.1316999,0.2136106789,1.641742468,0.2494758219,1.674271794,
87.1336999,0.185991168,1.694357395,0.2864614427,1.72843856,
87.1356999,0.1715397686,1.744290948,0.3340007067,1.784245856,
87.1376999,0.1509783566,1.814776182,0.4425250888,1.874042558,
87.1396999,0.1299572736,1.866471767,0.5451980829,1.948806481,
87.1416999,0.09779834747,1.932341099,0.6531286836,2.042078284,
87.1436999,0.059491124,2.034247875,0.8532647491,2.206754255,
87.1456999,0.03505111486,2.121751308,1.057011366,2.370723565,
87.1476999,-0.003485957626,2.208641529,1.301172018,2.563427037,
87.1496999,-0.05709692463,2.311094284,1.736504912,2.891343314,
87.1516999,-0.1210891455,2.38812995,2.114185572,3.191803232,
87.1536999,-0.1916223317,2.476964474,2.567082167,3.572391772,
87.1556999,-0.2806004286,2.600907564,3.29290843,4.205556169,
87.1576999,-0.338118732,2.671565294,3.855986357,4.703213389,
87.1596999,-0.4255358279,2.778403997,4.519659042,5.322398648,
87.1616999,-0.4566412866,2.810333014,4.880675793,5.650441496,
87.1636999,-0.492879957,2.81738162,5.130851269,5.874198208,
87.1656999,-0.5261306167,2.800478458,5.314754486,6.030431848,
87.1676999,-0.559228003,2.741820574,5.395956039,6.07837623,
87.1696999,-0.5640930533,2.645229101,5.440402031,6.07564089,
87.1716999,-0.5509440899,2.51139307,5.401146412,5.981890763,
87.1736999,-0.5648400784,2.415950775,5.28280592,5.836428775,
87.1756999,-0.6213527918,2.266629219,5.085906506,5.602689737,
87.1776999,-0.6705393195,2.055086851,4.674908638,5.15051218,
87.1796999,-0.6566337347,1.862229228,4.23966217,4.67694354,
87.1816999,-0.5395189524,1.431713462,3.484185934,3.805316775,
87.1836999,-0.3748840988,1.058696747,2.91843605,3.127082645,
87.1856999,-0.1371494383,0.6598419547,2.399191141,2.492051265,
87.1876999,0.2109195888,0.2023004591,1.865245938,1.888002902,
87.1896999,0.4430805445,-0.08330863714,1.607926726,1.669936842,
87.1916999,0.6623893976,-0.3419111669,1.508433223,1.682567606,
87.1936999,0.9190191031,-0.7005913258,1.580852985,1.958193167,
87.1956999,1.098804593,-0.9900886416,1.798390269,2.328487623,
87.1976999,1.187322855,-1.319683909,2.163142204,2.798300445,
87.1996999,1.212222695,-1.725185156,2.818454266,3.519862516,
87.2016999,1.18641305,-2.091421366,3.154801369,3.966659921,
87.2036999,1.192456007,-2.593427896,3.222480536,4.304904225,
87.2056999,1.239593148,-2.906675816,2.943058014,4.318210966,
87.2076999,1.310825467,-3.175027609,2.40544486,4.193474538,
87.2096999,1.392410278,-3.475126266,1.519379497,4.040275115,
87.2116999,1.306238174,-3.595401287,0.9171611667,3.93374544,
87.2136999,1.132112622,-3.676306486,0.5817335844,3.89041416,
87.2156999,0.9046539068,-3.752489805,0.5563454628,3.899884447,
87.2176999,0.7280384302,-3.798812628,0.681581378,3.927540008,
87.2196999,0.5026674271,-3.857001543,0.9811151028,4.011448902,
87.2216999,0.199590221,-3.917191744,1.793649793,4.312934847,
87.2236999,0.002202665666,-3.979843378,2.504200935,4.702146371,
87.2256999,-0.1776114702,-4.08459425,3.212980509,5.199874976,
87.2276999,-0.2654212117,-4.147791386,3.592921257,5.493969872,
87.2296999,-0.3004531562,-4.191107273,3.8326478,5.687252538,
87.2316999,-0.2964979112,-4.337489128,4.034718037,5.931329748,
87.2336999,-0.251783818,-4.506596088,4.170967102,6.14571151,
87.2356999,-0.2026931196,-4.716577053,4.345791817,6.416626069,
87.2376999,-0.1208592951,-5.03537035,4.582703114,6.809605668,
87.2396999,-0.05206909776,-5.295437813,4.787340164,7.138837347,
87.2416999,0.09037632495,-5.67293644,5.077795506,7.614091077,
87.2436999,0.1823424101,-5.940320969,5.504413605,8.100569801,
87.2456999,0.4106822312,-6.2213521,6.0195117,8.666510425,
87.2476999,0.5225967169,-6.583987713,6.492232323,9.261267843,
87.2496999,0.5058947802,-6.776069641,6.505879402,9.407311843,
87.2516999,0.4797309935,-6.924960613,6.290726662,9.367948722,
87.2536999,0.4853046834,-7.138178349,6.387145996,9.590867779,
87.2556999,0.6209601164,-7.340450287,6.911437988,10.10127601,
87.2576999,0.8284225464,-7.488928795,7.341034412,10.51955915,
87.2596999,1.093910813,-7.587492943,6.787332058,10.23887526,
87.2616999,1.270909309,-7.712968826,5.717324734,9.684673495,
87.2636999,1.410472035,-7.895071983,4.307350636,9.103563175,
87.2656999,1.750448704,-8.124436378,2.477835894,8.672381902,
87.2676999,1.990433931,-8.407344818,1.467071056,8.763422369,
87.2696999,2.164703131,-8.715870857,0.5742923617,8.999008621,
87.2716999,2.321044445,-9.201098442,-0.9131772518,9.53317117,
87.2736999,2.429971218,-9.63670063,-2.345455885,10.21136242,
87.2756999,2.431991816,-10.8201828,-4.098097801,11.82308528,
87.2776999,2.895375252,-13.60482121,-5.143023014,14.82986998,
87.2796999,3.817420721,-20.94937134,-6.077968121,22.14476364,
87.2816999,6.396789551,-37.68715668,-5.941000938,38.68508998,
87.2836999,9.668590546,-45.91938019,-5.870812416,47.2920454,
87.2856999,13.07748413,-50.67702484,-5.781039715,52.65550169,
87.2876999,15.49111748,-55.68761063,-6.644905567,58.18281076,
87.2896999,16.11730576,-58.95662689,-8.232453346,61.67191166,
87.2916999,16.81210327,-63.14907074,-10.76221466,66.22897565,
87.2936999,17.8284893,-66.17317963,-12.03922367,69.58223652,
87.2956999,18.64953995,-70.00216675,-13.39944649,73.67261266,
87.2976999,19.32525063,-74.98497772,-14.10926056,78.71012279,
87.2996999,19.15681267,-76.82100677,-13.42686558,80.30399288,
87.3016999,18.51730347,-77.69445801,-12.07039642,80.77755754,
87.3036999,17.08952522,-78.14674377,-8.735494614,80.4690891,
87.3056999,15.34733105,-78.14674377,-5.287709236,79.81487331,
87.3076999,12.64658451,-78.14674377,-1.434988737,79.17644129,
87.3096999,7.644676208,-78.14674377,4.040799618,78.62367772,
87.3116999,3.499049187,-78.14674377,8.358492851,78.6703331,
87.3136999,-0.7755681276,-78.14674377,12.31736374,79.11531153,
87.3156999,-6.277836323,-78.14674377,16.27555466,80.07008474,
87.3176999,-9.195257187,-74.38729095,17.50669861,76.97081464,
87.3196999,-11.89470959,-65.46059418,17.32818794,68.75201527,
87.3216999,-13.08101749,-58.37534714,16.00830269,61.92786067,
87.3236999,-13.29997253,-52.0395813,13.8725605,55.47481614,
87.3256999,-11.92402458,-45.62846375,9.464518547,48.1011037,
87.3276999,-10.75857544,-40.88884735,7.164744377,42.8833108,
87.3296999,-10.07124805,-37.12878036,4.866559505,38.77705211,
87.3316999,-9.499876022,-33.05247116,1.909873843,34.4435932,
87.3336999,-8.882497787,-30.42845535,0.293471694,31.69977583,
87.3356999,-8.105043411,-28.0463295,-0.7492127419,29.20358962,
87.3376999,-6.950109005,-25.17566299,-1.499670506,26.16040967,
87.3396999,-6.064570427,-23.2692852,-1.809202552,24.11455706,
87.3416999,-5.086711407,-21.05924416,-2.017498016,21.7586005,
87.3436999,-4.395227432,-19.64611053,-1.959031582,20.22685067,
87.3456999,-3.787550449,-18.14474487,-1.754624248,18.61870058,
87.3476999,-3.135216713,-16.47564125,-1.260212064,16.81857523,
87.3496999,-2.713837147,-15.39739799,-0.8900588155,15.66004412,
87.3516999,-2.372481346,-14.52361965,-0.64049685,14.73005199,
87.3536999,-1.945260167,-13.43459415,-0.3376111686,13.57889313,
87.3556999,-1.711768031,-12.51136017,-0.1276396811,12.62856187,
87.3576999,-1.566823006,-11.62801552,0.02118389681,11.73312098,
87.3596999,-1.413297296,-10.71479988,0.080186598,10.80790339,
87.3616999,-1.296163321,-10.11702442,0.1350425631,10.20061072,
87.3636999,-1.082677126,-9.382138252,0.2541971803,9.447821132,
87.3656999,-0.978357017,-8.980775833,0.3494672477,9.040666147,
87.3676999,-0.883795619,-8.43674469,0.3465367556,8.489984887,
87.3696999,-0.799328208,-7.778789997,0.3225372732,7.826399536,
87.3716999,-0.7262188196,-7.396398067,0.2227756828,7.435302761,
87.3736999,-0.6201269627,-7.029108047,0.1216446012,7.057458098,
87.3756999,-0.5304593444,-6.586745739,-0.1459026486,6.609681848,
87.3776999,-0.4760630727,-6.286014557,-0.3909827173,6.316128762,
87.3796999,-0.4368077517,-5.976626396,-0.5455906987,6.017352682,
87.3816999,-0.3693678677,-5.515560627,-0.6754904985,5.569033046,
87.3836999,-0.331060648,-5.27404356,-0.7990504503,5.344494199,
87.3856999,-0.3426868916,-4.779257298,-0.8995494246,4.875235768,
87.3876999,-0.346565485,-4.407227516,-1.015965104,4.536071771,
87.3896999,-0.3573776782,-4.057587624,-1.097674489,4.218604676,
87.3916999,-0.3495151401,-3.664383173,-1.178560138,3.865083294,
87.39370615,-0.3426964283,-3.452094078,-1.220975876,3.6776591,
87.3956999,-0.3339624107,-3.281770468,-1.270631552,3.534975648,
87.3976999,-0.4043998122,-2.91729641,-1.340676427,3.23598066,
87.3996999,-0.4764174223,-2.598513126,-1.46871829,3.022644115,
87.4016999,-0.5487510562,-2.350320816,-1.641100764,2.918620801,
87.4036999,-0.625346303,-2.109473705,-1.846283793,2.872229301,
87.4056999,-0.6665074229,-1.92032218,-2.010899544,2.859298235,
87.4076999,-0.703397274,-1.596683621,-2.191901207,2.801534796,
87.4096999,-0.7413310409,-1.389814973,-2.212587118,2.716007939,
87.4116999,-0.7411203384,-1.130436659,-2.1781106,2.563457076,
87.4136999,-0.7619786263,-0.6592960954,-2.131893158,2.358018491,
87.4156999,-0.7917816639,-0.3556826115,-2.144630194,2.313626372,
87.4176999,-0.7649857998,-0.07597281039,-2.126156569,2.260866404,
87.4196999,-0.7281916738,0.182840392,-2.06500864,2.19726066,
87.4216999,-0.7827603221,0.328953743,-2.026911974,2.197566026,
87.4236999,-0.7773302794,0.4880340993,-1.980445266,2.1827925,
87.4256999,-0.7937065959,0.7075918913,-1.927926183,2.20171656,
87.4276999,-0.8056871891,0.8386218548,-1.828959346,2.16737416,
87.4296999,-0.7745050788,1.00249052,-1.685958505,2.108862594,
87.4316999,-0.7307678461,1.11265254,-1.570261121,2.058576525,
87.4336999,-0.7296281457,1.194926858,-1.444182515,2.011434951,
87.4356999,-0.8128889203,1.256706953,-1.170429468,1.900001553,
87.4376999,-0.8824165463,1.300798416,-0.9298983812,1.826320476,
87.4396999,-0.9323117137,1.326224923,-0.7105798721,1.770028653,
87.4416999,-0.9844765663,1.328341484,-0.4332451522,1.709206415,
87.4436999,-1.025637746,1.318822026,-0.2396500111,1.68779633,
87.4456999,-1.056666493,1.31323874,-0.03669832274,1.685967625,
87.4476999,-1.109003782,1.319942474,0.2572521865,1.743076651,
87.4496999,-1.138347149,1.325554609,0.4725100696,1.810026248,
87.4516999,-1.181586385,1.330055714,0.7590768337,1.934267878,
87.4536999,-1.217518568,1.337650061,1.009615779,2.071468843,
87.4556999,-1.257051587,1.368324637,1.258248806,2.244032322,
87.4576999,-1.291825056,1.383072853,1.602889299,2.480112215,
87.4596999,-1.294678926,1.396011114,1.850507259,2.655073948,
87.4616999,-1.306314707,1.393569112,2.104886532,2.842365264,
87.4636999,-1.321541905,1.43296802,2.436205626,3.120091057,
87.4656999,-1.324740529,1.453309178,2.664861441,3.311877343,
87.4676999,-1.311620355,1.486004353,2.841572762,3.464547972,
87.4696999,-1.272460699,1.523631692,2.99094224,3.589755597,
87.4716999,-1.232324362,1.549402833,3.045032024,3.63200943,
87.4736999,-1.192896605,1.541808486,2.984353304,3.564623453,
87.4756999,-1.111991763,1.524091363,2.748744726,3.333913276,
87.4776999,-1.03552103,1.477998137,2.438226223,3.03343525,
87.4796999,-0.9257611632,1.442822456,1.889705062,2.551422269,
87.4816999,-0.8516463041,1.430477977,1.463604212,2.216688061,
87.4836999,-0.7586171627,1.422395229,1.063015938,1.930987072,
87.4856999,-0.618182838,1.424808621,0.5227308273,1.63874255,
87.4876999,-0.5059139729,1.43653059,0.1532576382,1.530704736,
87.4896999,-0.3855143487,1.446796894,-0.1640506983,1.506238758,
87.4916999,-0.252990514,1.484357119,-0.4827955663,1.581269052,
87.4936999,-0.1570692211,1.50381732,-0.6757395267,1.656128371,
87.4956999,-0.04964616895,1.536502957,-0.8514164686,1.757332092,
87.4976999,0.07103117555,1.574791074,-0.9989663363,1.86626528,
87.4996999,0.1545600891,1.604421616,-1.049292326,1.92329715,
87.5016999,0.2613414824,1.637787223,-1.04329741,1.959366184,
87.5036999,0.3260711133,1.667417884,-1.00135088,1.972132945,
87.5056999,0.3935971558,1.688439012,-0.9349070191,1.969719815,
87.5076999,0.4710639715,1.728920102,-0.814449966,1.968348224,
87.5096999,0.532173574,1.743993998,-0.7020852566,1.95388011,
87.5116999,0.5902760625,1.744635582,-0.5439147353,1.920422449,
87.5136999,0.6702136993,1.780835986,-0.3395552635,1.932837549,
87.5156999,0.722579658,1.811395526,-0.1868818104,1.959132442,
87.5176999,0.7813907862,1.831142902,-0.06229712814,1.991867672,
87.5196999,0.8686929941,1.83514595,0.07459375262,2.031736303,
87.5216999,0.9204556346,1.824793458,0.1735700518,2.05115487,
87.5236999,0.9833560586,1.825923562,0.285522908,2.093444368,
87.5256999,1.027294397,1.833163619,0.3656233251,2.13295641,
87.5276999,1.073263168,1.83394897,0.4549845159,2.173079281,
87.5296999,1.106322289,1.828336954,0.5993261933,2.219449686,
87.5316999,1.12477684,1.828432798,0.7111449838,2.261419162,
87.5336999,1.149657369,1.819411397,0.8034749031,2.297290103,
87.5356999,1.160661101,1.807995677,0.916347146,2.335738567,
87.5376999,1.171971321,1.805007815,0.9537350535,2.353971228,
87.5396999,1.173072577,1.805036545,0.9840551615,2.366985585,
87.5416999,1.136479616,1.811424375,0.9762979746,2.350744971,
87.5436999,1.128952265,1.800746083,0.9529210329,2.329222653,
87.5456999,1.107691765,1.785126328,0.8874826431,2.280632039,
87.5476999,1.092397571,1.774457812,0.8466376066,2.2491839,
87.5496999,1.06977725,1.764651179,0.8009658456,2.213586103,
87.5516999,1.038001299,1.747719407,0.6854503751,2.145183451,
87.5536999,1.023157239,1.738152146,0.5691113472,2.095688752,
87.5556999,1.004836798,1.753044009,0.4174625874,2.063282652,
87.5576999,0.9651889205,1.760236263,0.1764143556,2.015227873,
87.5596999,0.9546543956,1.768204093,-0.03141192719,2.009700833,
87.5616999,0.944493413,1.764670253,-0.2109483182,2.012617227,
87.5636999,0.915169239,1.755122185,-0.4607784748,2.032315286,
87.5656999,0.8997697234,1.757545114,-0.6663446426,2.08388233,
87.5676999,0.854988575,1.743591785,-0.9540893435,2.163655299,
87.5696999,0.8351550102,1.743486404,-1.164577961,2.256871853,
87.5716999,0.8118067384,1.738717198,-1.379787922,2.363468296,
87.5736999,0.7725705504,1.754662633,-1.648149252,2.5282607,
87.5756999,0.7453724146,1.739799261,-1.838670254,2.638785669,
87.5776999,0.7157418132,1.733402014,-2.005172491,2.745484584,
87.5796999,0.6958603263,1.742385149,-2.187859774,2.882162034,
87.5816999,0.6905835867,1.757305741,-2.319722891,2.991010439,
87.5836999,0.68165797,1.76358819,-2.427778006,3.077175155,
87.5856999,0.6887064576,1.771316648,-2.537288904,3.170128425,
87.5876999,0.6946344972,1.790623426,-2.585431337,3.220761485,
87.5896999,0.7274159789,1.84055686,-2.629647493,3.291174486,
87.5916999,0.7483891845,1.882426739,-2.621890306,3.313295275,
87.5936999,0.7766119838,1.921088219,-2.600476503,3.325084083,
87.5956999,0.8081484437,1.966463208,-2.560177326,3.327850567,
87.5976999,0.8361222744,1.974028945,-2.519552469,3.308177048,
87.5996999,0.8497309089,1.972161412,-2.472980499,3.275224542,
87.6016999,0.8762874007,1.961425781,-2.364187956,3.194441327,
87.6036999,0.8938129544,1.961397052,-2.24808836,3.114463239,
87.6056999,0.9293812513,1.974459887,-2.124892235,3.045883839,
87.6076999,0.9863057137,1.989141107,-1.927552581,2.940227926,
87.6096999,1.037656665,2.013964176,-1.748811126,2.862013873,
87.6116999,1.094370484,2.043795824,-1.445973396,2.732322673,
87.6136999,1.13877809,2.047971487,-1.160795212,2.615042691,
87.6156999,1.183032513,2.053162098,-0.8252621293,2.509202684,
87.6176999,1.255337358,2.077918053,-0.2964213192,2.445706629,
87.6196999,1.344210148,2.08102107,0.1792682558,2.483885409,
87.6216999,1.443512082,2.108716965,0.7314573526,2.658090335,
87.6236999,1.662543178,2.187965155,1.593130469,3.176366797,
87.6256999,1.836783648,2.214694023,2.299898863,3.683500857,
87.6276999,2.023952723,2.159933805,3.030427217,4.236176081,
87.6296999,2.376714468,1.915821075,3.988462448,5.022646191,
87.6316999,2.582701921,1.554593563,4.614249229,5.51166094,
87.6336999,2.590775251,0.9055349827,5.310147762,5.97743919,
87.6356999,2.516028404,0.4285333753,5.736650944,6.278789998,
87.6376999,2.419771671,0.01610818878,6.113229752,6.574734398,
87.6396999,1.933202982,-0.4308509529,6.637272835,6.926492402,
87.6416999,1.635910153,-0.7637599707,6.963325024,7.193568427,
87.6436999,1.465193987,-1.063801289,7.19004631,7.414528478,
87.6456999,1.330333352,-1.412780166,7.384522438,7.635241074,
87.6476999,1.219050884,-1.641455054,7.436160564,7.712129647,
87.6496999,1.065515518,-1.838794827,7.446302414,7.743636702,
87.6516999,0.9375119209,-2.100040436,7.367724419,7.718319865,
87.6536999,0.9081302881,-2.286529541,7.1681633,7.578620128,
87.6556999,0.8673618436,-2.536828995,6.751428604,7.264269138,
87.6576999,0.8416864276,-2.742471933,6.417705536,7.029689374,
87.6596999,0.8420790434,-2.979727745,6.159543514,6.894044593,
87.6616999,0.8237586021,-3.276752472,5.984172821,6.872118258,
87.6636999,0.811624825,-3.478985786,5.882477283,6.882268227,
87.6656999,0.7989259362,-3.746398926,5.835081577,6.980112075,
87.6676999,0.7366288304,-4.202839375,5.510704994,6.96953014,
87.6696999,0.6822804809,-4.567801952,5.11097908,6.888572311,
87.6716999,0.601164937,-4.950778484,4.681133747,6.839928365,
87.6736999,0.5288121104,-5.446138859,4.122844219,6.851125103,
87.6756999,0.4891545773,-5.814491272,3.659776688,6.887782398,
87.6776999,0.4609604478,-6.142468452,3.208718777,6.945378277,
87.6796999,0.4724813402,-6.561223507,2.628661156,7.083978543,
87.6816999,0.5675120354,-6.869845867,2.253863335,7.252361828,
87.6836999,0.8248503208,-7.233946323,1.703168035,7.477375129,
87.6856999,1.008332372,-7.505793571,1.268974781,7.678799926,
87.6876999,1.159971595,-7.736001015,0.7950952053,7.862787177,
87.6896999,1.333857656,-7.970709324,0.1413728148,8.082782296,
87.6916999,1.439633369,-8.113222122,-0.2004521489,8.242396406,
87.6936999,1.480612636,-8.157408714,-0.4909933209,8.305215539,
87.6956999,1.443014026,-8.145897865,-0.8831827044,8.31973276,
87.6976999,1.40246594,-8.119887352,-1.018349767,8.30280179,
87.6996999,1.368133068,-8.070087433,-1.181835413,8.27011694,
87.7016999,1.327632666,-8.034298897,-1.463546753,8.273725664,
87.7036999,1.305558205,-8.060711861,-1.709153533,8.342707218,
87.7056999,1.350550056,-8.114686966,-1.73055768,8.406364249,
87.7076999,1.419024229,-8.078601837,-1.607131839,8.358248031,
87.7096999,1.463834047,-7.96783638,-1.516247869,8.241858668,
87.7116999,1.450484037,-7.843222618,-1.330860138,8.086484631,
87.7136999,1.474789858,-7.836815834,-1.010104179,8.038096665,
87.7156999,1.506575346,-7.925870419,-0.6420866251,8.093297622,
87.7176999,1.563835025,-8.142402649,-0.170706585,8.292975438,
87.7196999,1.640938044,-8.421881676,0.07206546515,8.580557211,
87.7216999,1.748389721,-9.014955521,0.297359854,9.187747958,
87.7236999,2.223418474,-11.85149956,0.9169600606,12.09307435,
87.7256999,3.180064917,-17.84239578,1.908753395,18.22380969,
87.7276999,5.921684742,-31.13351059,4.605199337,32.02451706,
87.7296999,8.620494843,-39.02996063,5.307169437,40.3214187,
87.7316999,11.36294842,-43.9966774,5.974557877,45.83142547,
87.7336999,13.84823513,-48.33605957,5.460465431,50.576328,
87.7356999,14.82704163,-50.94776917,4.458501339,53.24842327,
87.7376999,15.81824112,-52.91524506,3.033472538,55.31222168,
87.7396999,16.80176926,-56.57561111,-0.3747021556,59.01897682,
87.7416999,17.13539696,-59.53384781,-3.813560963,62.06806031,
87.7436999,17.1280899,-61.84069824,-7.253339291,64.57750656,
87.7456999,16.4098587,-65.01558685,-11.31427956,68.00237436,
87.7476999,15.39955235,-67.5858078,-13.43339634,70.60767498,
87.7496999,13.41567993,-71.12437439,-14.73728848,73.86369048,
87.7516999,11.20097542,-73.66862488,-14.29914951,75.8748563,
87.7536999,8.684659958,-75.42066193,-12.76303864,76.98437971,
87.7556999,6.711895466,-73.85781097,-7.175403118,74.50847061,
87.7576999,3.993777275,-74.89429474,-3.356143951,75.07575736,
87.7596999,0.5117175579,-75.46763611,0.137427181,75.4694961,
87.7616999,-4.010412216,-74.54347229,4.228610516,74.77094231,
87.7636999,-6.914014339,-72.81939697,6.957799435,73.47706542,
87.7656999,-9.393075943,-70.12944794,9.249835968,71.35775227,
87.7676999,-12.24223328,-64.9050827,11.11733246,66.9786318,
87.7696999,-13.20952892,-59.75735855,11.36470985,62.24620619,
87.7716999,-12.56714535,-53.27634048,10.11791611,55.66573294,
87.7736999,-12.1347332,-48.72571182,8.808516502,50.98074838,
87.7756999,-11.73732567,-44.55150604,7.417303562,46.66495362,
87.7776999,-10.64023399,-39.3045845,5.687819004,41.11467168,
87.7796999,-10.07614136,-36.22991562,4.866876125,37.91862199,
87.7816999,-9.850186348,-33.75681686,3.728873253,35.36174984,
87.7836999,-9.293850899,-30.84775543,2.504392385,32.31457351,
87.7856999,-8.803718567,-28.96359634,1.729255199,30.32137361,
87.7876999,-8.347335815,-27.24477959,0.9632926583,28.51111998,
87.7896999,-7.782927036,-25.11555862,0.1173446104,26.29408694,
87.7916999,-7.321985722,-23.73516846,-0.2499929667,24.84013271,
87.7936999,-6.737896442,-21.75170517,-0.5265040994,22.77746985,
87.7956999,-6.438046932,-20.44796753,-0.665070951,21.44784707,
87.7976999,-6.193876266,-19.21784592,-0.7936395407,20.20691883,
87.7996999,-5.81074667,-17.70108986,-0.8803192377,18.65122841,
87.8016999,-5.488927841,-16.66708183,-0.8380472064,17.56764836,
87.8036999,-5.179998875,-15.67176437,-0.7076877356,16.52081744,
87.8056999,-4.792148113,-14.49236107,-0.4365683198,15.27035706,
87.8076999,-4.456020832,-13.72815132,-0.1235503852,14.43376337,
87.8096999,-4.206267357,-12.87481976,0.1305989027,13.54513658,
87.8116999,-4.00972271,-11.91534805,0.4183340669,12.57888703,
87.8136999,-3.842166901,-11.25178051,0.5878148079,11.90421511,
87.8156999,-3.527224064,-10.4905014,0.6723109484,11.08800845,
87.8176999,-3.373928308,-9.881818771,0.6926808357,10.46487177,
87.8196999,-3.232536077,-9.307929039,0.6424984336,9.874190434,
87.8216999,-3.088261604,-8.628836632,0.572070539,9.182670965,
87.8236999,-2.933021545,-8.216449738,0.4663330317,8.736711519,
87.8256999,-2.757584095,-7.790531158,0.3272107542,8.270653701,
87.8276999,-2.570271254,-7.281179428,0.06517975032,7.721794907,
87.8296999,-2.40525341,-6.868217945,-0.1567435861,7.278889356,
87.8316999,-2.230208397,-6.456041336,-0.4225861728,6.843455143,
87.8336999,-2.017498016,-5.92886734,-0.7571519017,6.30833141,
87.8356999,-1.861252427,-5.603648663,-1.003180146,5.989282873,
87.8376999,-1.697077155,-5.180497169,-1.290091634,5.601960212,
87.8396999,-1.554679632,-4.813159466,-1.376417041,5.241951609,
87.8416999,-1.42019248,-4.54361105,-1.458720088,4.978876615,
87.8436999,-1.219750047,-4.155625343,-1.543187499,4.597655906,
87.8456999,-1.101237059,-3.803610802,-1.482355595,4.228185935,
87.8476999,-0.9846010804,-3.524781942,-1.418938041,3.92516397,
87.8496999,-0.7920498252,-3.144688129,-1.280639291,3.486609148,
87.8516999,-0.6106842756,-2.881479263,-1.081240654,3.137664638,
87.8536999,-0.4501194954,-2.641905785,-0.8510237932,2.811852633,
87.8556999,-0.246688962,-2.418239594,-0.6251547933,2.509891769,
87.8576999,-0.104779847,-2.300981045,-0.4599357247,2.348836617,
87.8596999,-0.01460463088,-2.048067093,-0.2423027903,2.062402181,
87.8616999,0.01843535155,-1.877370119,-0.1424262673,1.88285519,
87.8636999,0.0694893077,-1.665196061,-0.03163219243,1.666945494,
87.8656999,0.1115123332,-1.299294949,0.05191586912,1.305104448,
87.8676999,0.1127381697,-1.050278783,0.05250963196,1.057616508,
87.8696999,0.1388445497,-0.8078898191,0.04813303053,0.8211458808,
87.8716999,0.1632270962,-0.4518912137,0.04544194788,0.4826113597,
87.8736999,0.1544643044,-0.2315001488,0.02804088965,0.2797102639,
87.8756999,0.137685746,-0.07160577923,0.01824381575,0.1562612846,
87.8776999,0.0887099579,0.04839160666,-0.05291185901,0.1140651965,
87.8796999,0.1688295305,0.2554804683,0.03188119084,0.3078799934,
87.8816999,0.1025676057,0.5009914637,0.1489863843,0.5326438802,
87.8836999,-0.05306508765,0.8375204802,0.1998679489,0.8626723916,
87.8856999,-0.1379922032,1.011214972,0.21228908,1.042431878,
87.8876999,-0.07247727364,1.138050318,0.3844034374,1.203402461,
87.8896999,-0.06121494994,1.278972983,0.5242726803,1.38361158,
87.8916999,-0.1223245561,1.450551033,0.6262178421,1.584679899,
87.8936999,-0.2443809509,1.626869678,0.7318786979,1.80057586,
87.8956999,-0.3306392431,1.716566086,0.7933713794,1.919729039,
87.8976999,-0.4295293689,1.778259754,0.8515313864,2.017872378,
87.8996999,-0.5773569345,1.810993314,0.9016755223,2.103819517,
87.9016999,-0.6938492656,1.828356028,0.944052875,2.171531349,
87.9036999,-0.7909676433,1.844205737,0.9830687642,2.234535479,
87.9056999,-0.9254451394,1.835222602,1.100796461,2.331575337,
87.9076999,-1.021845222,1.823500633,1.230629325,2.425648522,
87.9096999,-1.13777256,1.803331852,1.481522441,2.596428491,
87.9116999,-1.199648261,1.786610723,1.666498423,2.72182858,
87.9136999,-1.250740647,1.76089704,1.837367773,2.835671153,
87.9156999,-1.317031264,1.730509877,2.093844175,3.01884402,
87.9176999,-1.34915185,1.718222737,2.268209219,3.149170232,
87.9196999,-1.373275757,1.71130836,2.436196089,3.278645146,
87.9216999,-1.395953655,1.711777568,2.598800421,3.410664551,
87.9236999,-1.394794941,1.714784622,2.628364325,3.43427405,
87.9256999,-1.384825468,1.710791111,2.59507513,3.402787495,
87.9276999,-1.352551579,1.692556977,2.440850258,3.263724081,
87.9296999,-1.312769532,1.674025893,2.236586571,3.086753314,
87.9316999,-1.258133769,1.668547869,1.849559069,2.790666823,
87.9336999,-1.197704196,1.644462228,1.522290945,2.540889821,
87.9356999,-1.135713458,1.632175207,1.162480712,2.303302492,
87.9376999,-1.034611225,1.612877965,0.6517878771,2.024011649,
87.9396999,-0.970063448,1.59339869,0.3049542606,1.890222098,
87.9416999,-0.8991089463,1.595419407,0.006684611551,1.831339582,
87.9436999,-0.7741124034,1.616229892,-0.3452055752,1.824997525,
87.9456999,-0.6721194386,1.626314163,-0.5515761971,1.84414712,
87.9476999,-0.5783050656,1.639702559,-0.7460619211,1.892001485,
87.9496999,-0.4730846882,1.671066642,-0.9628425837,1.985784149,
87.9516999,-0.3854569197,1.686446905,-1.059558749,2.028631298,
87.9536999,-0.2670684159,1.7155509,-1.120342731,2.066303043,
87.9556999,-0.1613212973,1.735030055,-1.142781258,2.083819295,
87.9576999,-0.06533297896,1.741551876,-1.149073124,2.087496199,
87.9596999,0.07208462805,1.732712507,-1.145682931,2.078479782,
87.9616999,0.1775923073,1.744760156,-1.137954473,2.090614123,
87.9636999,0.2877447605,1.742672324,-1.113533735,2.087980186,
87.9656999,0.3949762583,1.74303627,-1.05091083,2.073305394,
87.9676999,0.476110965,1.743045926,-0.9918411374,2.061222839,
87.9696999,0.5446329713,1.743476748,-0.9358072281,2.052333163,
87.9716999,0.6401041746,1.73901403,-0.8500661254,2.038753435,
87.9736999,0.6950079799,1.733689308,-0.7903355956,2.028138324,
87.9756999,0.7625819445,1.723557115,-0.7280480266,2.020453978,
87.9776999,0.8206940293,1.71438241,-0.7237671614,2.033834959,
87.9796999,0.8730217218,1.701961398,-0.7095168829,2.040160223,
87.9816999,0.9322255254,1.705265403,-0.6592769623,2.05222334,
87.9836999,0.9705135822,1.699433088,-0.6441743374,2.060322793,
87.9856999,0.9981905222,1.691618443,-0.6176753044,2.058999771,
87.9876999,1.030847549,1.674303532,-0.5486360788,2.041308535,
87.9896999,1.046984434,1.654948831,-0.5182872415,2.02574769,
87.9916999,1.06102407,1.646253109,-0.4857068956,2.017878233,
87.9936999,1.05713582,1.638859749,-0.4658733606,2.005102343,
87.9956999,1.066884995,1.623805046,-0.4391540587,1.991944454,
87.9976999,1.064442873,1.606518865,-0.4576660097,1.980757347,
87.9996999,1.059089422,1.597076178,-0.4895855188,1.977881873,
88.0016999,1.051609993,1.572779775,-0.5423824191,1.968171356,
88.0036999,1.009922147,1.531570792,-0.6312456727,1.940134772,
88.0056999,0.9959687591,1.518575072,-0.7049487233,1.948069999,
88.0076999,0.980617106,1.519484878,-0.7717757225,1.966235481,
88.0096999,0.9552098513,1.485669136,-0.8863525987,1.976172961,
88.0116999,0.9293333292,1.459763885,-1.005660415,2.001480428,
88.0136999,0.8823974133,1.446825743,-1.094092727,2.017168515,
88.01570146,0.839943409,1.40499413,-1.237352133,2.051963386,
88.0176999,0.8317073584,1.393205047,-1.349180579,2.11022408,
88.0196999,0.7964934707,1.374204755,-1.496328115,2.182163694,
88.0216999,0.7696017623,1.351220489,-1.56863308,2.208776453,
88.0236999,0.7416853905,1.324817181,-1.618853927,2.219442681,
88.0256999,0.7119781375,1.265776157,-1.669792891,2.21298677,
88.0276999,0.696798861,1.228407502,-1.687624931,2.20058891,
88.0296999,0.6567869782,1.198795915,-1.69121623,2.174555844,
88.0316999,0.6259018183,1.169088721,-1.68787396,2.146494824,
88.0336999,0.6048902869,1.142197013,-1.677914023,2.117994746,
88.0356999,0.5826146007,1.103248119,-1.653052568,2.071033312,
88.0376999,0.5614307523,1.052491069,-1.607438207,2.00169916,
88.0396999,0.5405436754,1.042559981,-1.554239154,1.948019026,
88.0416999,0.5116121769,1.035971045,-1.498703241,1.892377983,
88.0436999,0.5072259903,1.027792454,-1.451910853,1.849778543,
88.0456999,0.5170804858,1.023329735,-1.387698531,1.800078662,
88.0476999,0.5115451217,1.011147976,-1.267001987,1.699821365,
88.0496999,0.4889151454,0.9957293272,-1.161321878,1.605983629,
88.0516999,0.4783519208,0.9815365076,-1.012642026,1.489187144,
88.0536999,0.479357481,0.9645664096,-0.7986387014,1.340893631,
88.0556999,0.4914242625,0.9524038434,-0.6008680463,1.228663215,
88.0576999,0.4937705696,0.9296206236,-0.3902261257,1.122622068,
88.0596999,0.5114398003,0.8942918181,-0.07148128748,1.032684899,
88.0616999,0.5339643955,0.8721501827,0.2259168774,1.04728332,
88.0636999,0.5860526562,0.8867452741,0.7012137771,1.273371767,
88.0656999,0.6523624659,0.9170654416,1.16169548,1.617443106,
88.0676999,0.7524018288,0.9780697227,1.719218731,2.11623296,
88.0696999,1.005191207,1.072382092,2.654173613,3.033982577,
88.0716999,1.239621878,1.055402517,3.568902254,3.922703172,
88.0736999,1.413957953,0.8565878868,4.600047112,4.888093016,
88.0756999,1.549134612,0.4137180448,5.961073875,6.172955728,
88.0776999,1.608214021,0.02404736169,6.927890778,7.11214463,
88.0796999,1.646339178,-0.3441617191,7.783022881,7.962683288,
88.0816999,1.477768302,-0.7405170202,8.579516411,8.737291712,
88.0836999,1.172268152,-1.019556403,8.887458801,9.02222987,
88.0856999,0.9934021831,-1.258919239,8.781184196,8.926417055,
88.0876999,0.8707328439,-1.460587502,8.210522652,8.384758419,
88.0896999,0.7709521055,-1.570960164,7.510447979,7.711621868,
88.0916999,0.7408043146,-1.659133911,6.365808487,6.62004789,
88.0936999,0.7314573526,-1.717858911,5.476707458,5.786224476,
88.0956999,0.7408521771,-1.795957804,4.623155594,5.014767594,
88.0976999,0.7479581833,-1.908494711,3.583631516,4.128463194,
88.0996999,0.7652730942,-1.97129941,2.913896799,3.600341488,
88.1016999,0.7715267539,-2.042359352,2.340839863,3.200939943,
88.1036999,0.769257009,-2.153871775,1.683918715,2.840158834,
88.1056999,0.7761522532,-2.255328417,1.280007362,2.706905509,
88.1076999,0.7945110202,-2.357522488,0.9006316662,2.645807521,
88.1096999,0.8329331875,-2.53874445,0.4482711852,2.709233864,
88.1116999,0.8686929941,-2.690086603,0.1026250646,2.828732111,
88.1136999,0.9373969436,-2.954866171,-0.3159963191,3.116055325,
88.1156999,0.9941300154,-3.209436893,-0.6367427111,3.419681409,
88.1176999,1.052108049,-3.478574038,-1.020533323,3.774771112,
88.1196999,1.151275873,-3.884755135,-1.521151304,4.327893238,
88.1216999,1.211102128,-4.202609539,-1.892195106,4.765406344,
88.1236999,1.269338727,-4.523154736,-2.285447598,5.224310508,
88.1256999,1.364120364,-4.916320801,-2.813953161,5.826608531,
88.1276999,1.439786792,-5.180985451,-3.170440197,6.242378336,
88.1296999,1.513757944,-5.430221558,-3.407379866,6.587033234,
88.1316999,1.588907242,-5.773349285,-3.490334272,6.930989938,
88.1336999,1.619830728,-6.001028538,-3.350694895,7.061398684,
88.1356999,1.680729628,-6.278947353,-2.924775839,7.127716721,
88.1376999,1.814651608,-6.498505116,-2.394144297,7.159291593,
88.1396999,1.980857134,-6.758045673,-1.641072035,7.231050666,
88.1416999,2.111513376,-7.084739685,-0.4353329241,7.405507403,
88.1436999,2.150280476,-7.324840069,0.5682590008,7.655057573,
88.1456999,2.169386148,-7.571499825,1.626965404,8.042441313,
88.1476999,2.181787968,-7.863343716,2.994427919,8.692466376,
88.1496999,2.218620539,-8.098156929,4.082803249,9.336578876,
88.1516999,2.285341978,-8.391160011,5.149429798,10.10697687,
88.1536999,2.422127724,-8.855941772,5.990129948,10.9624844,
88.1556999,2.551864862,-9.286476135,6.122251511,11.41195062,
88.1576999,2.745708704,-10.3144989,5.781776905,12.13905878,
88.1596999,2.906426668,-12.61832428,5.503426552,14.06972379,
88.1616999,3.184307337,-17.59319687,5.160835743,18.60899285,
88.1636999,4.849589825,-29.71684265,5.874125957,30.6775914,
88.1656999,6.739447594,-37.68477249,6.333305359,38.80300231,
88.1676999,9.049623489,-42.3515892,6.760957718,43.83221809,
88.1696999,12.15073586,-46.87743378,6.824834824,48.90513827,
88.1716999,14.23828888,-49.655056,6.246127605,52.03237037,
88.1736999,15.75977516,-52.20117188,5.337058544,54.78884058,
88.1756999,17.00844765,-55.40568924,3.226502895,58.04729117,
88.1776999,17.69397545,-57.95166016,1.063581109,60.60200398,
88.1796999,18.83927345,-60.34088135,-1.861941934,63.24086506,
88.1816999,18.72859573,-62.94665527,-4.3651371,65.81866096,
88.1836999,17.63057709,-65.68292999,-7.032450199,68.37060696,
88.1856999,15.60713959,-68.75021362,-9.462583542,71.13167485,
88.1876999,13.73162746,-70.70050812,-10.07809448,72.72336234,
88.1896999,11.51998901,-72.14331818,-9.611848831,73.68687904,
88.19174208,8.101643562,-73.36725616,-7.624201298,74.20592531,
88.1936999,5.598955631,-73.1764679,-5.056582451,73.56434451,
88.1956999,4.287967205,-70.73994446,-0.8659348488,70.87507494,
88.1976999,1.030722976,-70.21033478,3.751072407,70.31802076,
88.1996999,-1.693888187,-68.90880585,6.346454144,69.22116917,
88.2016999,-5.029863358,-65.32270813,8.919435501,66.12043597,
88.2036999,-6.907070637,-60.9499588,10.14630032,62.17356764,
88.2056999,-8.239520073,-55.65953064,10.72167587,57.2785071,
88.2076999,-8.779931068,-48.77910233,10.21976471,50.60564795,
88.2096999,-8.268240929,-44.87381363,8.812673569,46.47242379,
88.2116999,-7.81105423,-41.25436401,7.177309036,42.59634824,
88.2136999,-7.226658344,-36.96434784,5.048327446,38.0009633,
88.2156999,-6.855901718,-34.26692581,3.581649065,35.12910194,
88.2176999,-6.546053886,-31.98125839,2.205644131,32.71874961,
88.2196999,-6.034259796,-29.39123917,0.7813141942,30.0144579,
88.2216999,-5.664978027,-27.71061516,-0.01768836193,28.28374942,
88.2236999,-5.135572433,-25.68563652,-0.7909867764,26.20594756,
88.2256999,-4.780109882,-24.25625229,-1.140578508,24.74906352,
88.2276999,-4.501999378,-23.11412048,-1.346125484,23.58691624,
88.2296999,-4.049926281,-21.40307236,-1.373812079,21.82614874,
88.2316999,-3.848411083,-20.23201942,-1.389087081,20.6415707,
88.2336999,-3.6623528,-19.17316055,-1.339862347,19.56573905,
88.2356999,-3.411287308,-17.95422554,-1.122219801,18.30984634,
88.2376999,-3.277346134,-17.09235001,-0.9903854728,17.43187568,
88.2396999,-3.136739492,-16.28025627,-0.7752904296,16.59779968,
88.2416999,-2.987034559,-15.43479633,-0.4989516437,15.7290898,
88.2436999,-2.948191166,-14.83170605,-0.2306573987,15.1236417,
88.2456999,-2.947616816,-13.96430588,0.1055172607,14.27240055,
88.2476999,-2.931546688,-13.49269676,0.3551462889,13.81205853,
88.2496999,-2.91033411,-12.96697712,0.5363394618,13.30038346,
88.2516999,-2.8085711,-12.34463787,0.8903844357,12.69137267,
88.2536999,-2.727072239,-11.97823906,1.132170081,12.33681252,
88.2556999,-2.670492649,-11.66057587,1.291173816,12.03194458,
88.2576999,-2.593188524,-11.25330353,1.478352547,11.64246509,
88.2596999,-2.470327616,-10.93883991,1.626534462,11.33165264,
88.2616999,-2.357646942,-10.65123844,1.741245508,11.0471406,
88.2636999,-2.187371254,-10.32406521,1.761854768,10.69930127,
88.2656999,-2.025532961,-10.08582306,1.739588618,10.43325352,
88.2676999,-1.803331852,-9.84585762,1.665445089,10.14724718,
88.2696999,-1.635996342,-9.622584343,1.593858361,9.889944284,
88.2716999,-1.480229616,-9.38257885,1.445848823,9.608035408,
88.2736999,-1.227689266,-9.060224533,1.217585683,9.223741346,
88.2756999,-1.040587068,-8.858527184,1.062805295,8.982531959,
88.2776999,-0.8818802238,-8.667105675,0.9051901698,8.758755776,
88.2796999,-0.6541916728,-8.346942902,0.7169005871,8.403176126,
88.2816999,-0.488445878,-8.131207466,0.5907644629,8.167258835,
88.2836999,-0.2790969014,-7.934001446,0.4769441187,7.953222599,
88.2856999,-0.02183511853,-7.625417709,0.3859836161,7.635211547,
88.2876999,0.1339029074,-7.388190269,0.3467091322,7.397532877,
88.2896999,0.2668002546,-7.133226871,0.325343281,7.145624971,
88.29170146,0.5162760615,-6.770438671,0.2240877002,6.793790994,
88.2936999,0.716958046,-6.531046867,0.1924267709,6.573098971,
88.2956999,0.9541085362,-6.157934666,0.2074527889,6.234863199,
88.2976999,1.02021718,-5.919950962,0.209100008,6.010855621,
88.2996999,1.033528924,-5.728836536,0.2697499096,5.82756511,
88.3016999,1.064203501,-5.425442696,0.2998306453,5.536953671,
88.3036999,1.064950466,-5.141653538,0.2798821628,5.258236836,
88.3056999,1.043709159,-4.895424366,0.272287786,5.012848409,
88.3076999,1.00686717,-4.666059494,0.2389700562,4.779435049,
88.3096999,0.9790273905,-4.454613209,0.1728134751,4.564201789,
88.3116999,0.94159168,-4.251499176,0.07014053315,4.355084365,
88.3136999,0.8837189674,-4.010460377,-0.07242938876,4.107310271,
88.3156999,0.8437550068,-3.726986885,-0.1807622164,3.825575608,
88.3176999,0.796579659,-3.255970716,-0.3138032258,3.366653669,
88.3196999,0.7567976117,-2.938633442,-0.3684101999,3.056801467,
88.3216999,0.707256794,-2.637874126,-0.4112855494,2.761837773,
88.3236999,0.6144862175,-2.283436298,-0.3909252584,2.396768073,
88.3256999,0.5476209521,-2.018637657,-0.388789624,2.127426631,
88.3276999,0.4909933209,-1.6401335,-0.3414036036,1.74575736,
88.3296999,0.4618702531,-1.106705308,-0.3352361023,1.24519236,
88.3316999,0.4072728455,-0.738065362,-0.3377739787,0.9081315488,
88.3336999,0.3145406544,-0.4505217373,-0.3762056828,0.6659101853,
88.3356999,0.2543791234,-0.08945695311,-0.3947176933,0.4780306918,
88.3376999,0.2454727143,0.109625712,-0.36115098,0.4502273654,
88.3396999,0.1009586975,0.4857452214,-0.3510378301,0.6077570541,
88.3416999,0.02721728571,0.7472016215,-0.4017757773,0.8488078812,
88.3436999,-0.03077985719,0.9735686183,-0.3766653836,1.044346717,
88.3456999,-0.1587834656,1.187983751,-0.3437403142,1.246866066,
88.3476999,-0.278024286,1.342189431,-0.3612563312,1.417489368,
88.3496999,-0.4028483927,1.468517065,-0.326023221,1.557279788,
88.3516999,-0.5705861449,1.567072034,-0.2062173784,1.680419268,
88.3536999,-0.6817441583,1.623824239,-0.07394252717,1.762681977,
88.3556999,-0.8118833899,1.655801177,0.09303867817,1.846479995,
88.3576999,-0.9760202765,1.650715828,0.340005368,1.947583625,
88.3596999,-1.052443266,1.679321766,0.5264275074,2.050581464,
88.3616999,-1.161877275,1.705744267,0.8147180676,2.218848312,
88.3636999,-1.228235126,1.701750755,1.074661374,2.357841009,
88.3656999,-1.290608764,1.706079364,1.400090814,2.556683802,
88.3676999,-1.36301899,1.721881151,1.862296224,2.879382345,
88.3696999,-1.427135706,1.732530475,2.207406044,3.148177189,
88.3716999,-1.515864849,1.73373723,2.550006866,3.436018924,
88.3736999,-1.624350905,1.729169011,2.954358578,3.789033642,
88.3756999,-1.69649303,1.699662924,3.209753036,4.008672749,
88.3776999,-1.760159612,1.68113184,3.371112585,4.157976212,
88.3796999,-1.827973008,1.636628389,3.429540873,4.216845788,
88.3816999,-1.876029372,1.59187603,3.32363081,4.135223967,
88.3836999,-1.90316999,1.518096328,2.95953989,3.83217286,
88.3856999,-1.900871754,1.456938744,2.533467531,3.486322082,
88.3876999,-1.879477024,1.392295241,2.027840853,3.095651538,
88.3896999,-1.832148433,1.301928639,1.309408069,2.60121809,
88.3916999,-1.785231709,1.246871471,0.752928555,2.304049073,
88.3936999,-1.730184197,1.210201859,0.2022430152,2.12109126,
88.3956999,-1.656136394,1.180868149,-0.3961829245,2.072244737,
88.3976999,-1.60590601,1.1717031,-0.7439742684,2.122573904,
88.3996999,-1.561479211,1.165746331,-1.027505159,2.202940918,
88.4016999,-1.496864557,1.169912338,-1.329653502,2.318895603,
88.4036999,-1.423985004,1.177746058,-1.501068711,2.380761715,
88.4056999,-1.328398943,1.214750886,-1.632634878,2.430176971,
88.4076999,-1.274558067,1.229278922,-1.663979769,2.429908148,
88.4096999,-1.208430171,1.253469944,-1.637078524,2.38987792,
88.4116999,-1.131959319,1.30497396,-1.513393998,2.296660691,
88.4136999,-1.053199649,1.338866353,-1.375622034,2.189549861,
88.4156999,-0.9889968038,1.374472857,-1.21267271,2.082754285,
88.4176999,-0.910390377,1.434366226,-0.9383738637,1.940814936,
88.4196999,-0.8455075622,1.462924361,-0.7054084539,1.831019337,
88.4216999,-0.7854034901,1.500455856,-0.4722323418,1.758189354,
88.4236999,-0.718059361,1.540381432,-0.207031399,1.712088257,
88.4256999,-0.65890342,1.573325634,-0.0560147427,1.706647274,
88.4276999,-0.5888970494,1.616679907,0.09868899733,1.723424839,
88.4296999,-0.5290515423,1.63866818,0.1582375765,1.729210244,
88.4316999,-0.46389094,1.674562097,0.1475881636,1.743885112,
88.4336999,-0.3929268122,1.705935836,0.08524315804,1.752676511,
88.4356999,-0.3165038824,1.725673556,-0.01513135433,1.75452355,
88.4376999,-0.2475796044,1.731027007,-0.1435084492,1.754521255,
88.4396999,-0.1638112813,1.754413605,-0.3284748793,1.792399782,
88.4416999,-0.1109377295,1.766729355,-0.4885511994,1.836388322,
88.4436999,-0.05423345417,1.769123554,-0.6317436695,1.879318888,
88.4456999,0.02669056132,1.783986688,-0.8400583267,1.972059553,
88.4476999,0.06812940538,1.787558794,-0.979439199,2.039438453,
88.4496999,0.1343625933,1.803006172,-1.177621603,2.157701834,
88.4516999,0.1724687219,1.815465689,-1.313104749,2.247199414,
88.4536999,0.1997626126,1.830214024,-1.430774927,2.33167437,
88.4556999,0.2640995979,1.838507414,-1.599824667,2.451386765,
88.4576999,0.2921405137,1.828087926,-1.720329762,2.527209139,
88.4596999,0.3167624474,1.816768169,-1.824975491,2.594517406,
88.4616999,0.3547249138,1.822734475,-1.945691109,2.689591906,
88.4636999,0.3804003298,1.823299527,-2.024106026,2.750660063,
88.4656999,0.3946410418,1.836630344,-2.100433111,2.817937513,
88.4676999,0.4311286807,1.846887231,-2.18180728,2.890873119,
88.4696999,0.4624927342,1.847509623,-2.209273577,2.916861511,
88.4716999,0.4745690823,1.834351182,-2.224232435,2.921860708,
88.4736999,0.4856685996,1.818865538,-2.229317904,2.917876651,
88.4756999,0.4909166992,1.79028821,-2.206592083,2.88360533,
88.4776999,0.4888193607,1.743515134,-2.179527998,2.833572248,
88.4796999,0.4935311675,1.713472605,-2.143059492,2.787878291,
88.4816999,0.4941440821,1.69986403,-2.108515978,2.753099294,
88.4836999,0.5028494,1.666412234,-2.070697308,2.705101587,
88.4856999,0.4872104824,1.638993859,-2.037772179,2.660110971,
88.4876999,0.4860133529,1.619945526,-2.002529383,2.621174625,
88.4896999,0.4832073748,1.591282248,-1.976700783,2.583217867,
88.4916999,0.4667065144,1.585545659,-1.964796901,2.567527384,
88.4936999,0.4629620016,1.556978106,-1.94323945,2.532724659,
88.4956999,0.4304679036,1.506086946,-1.897012234,2.460133313,
88.4976999,0.4119559228,1.468814015,-1.820962787,2.375505791,
88.4996999,0.3713215292,1.419761539,-1.721574664,2.262171927,
88.5016999,0.3489788473,1.372318149,-1.632405043,2.160969588,
88.5036999,0.3224893808,1.323888183,-1.529329777,2.048299023,
88.5056999,0.2877064347,1.251286387,-1.369148135,1.876981415,
88.5076999,0.2618298829,1.199140787,-1.224442601,1.733710817,
88.5096999,0.2350914478,1.155403495,-1.075245619,1.595737562,
88.5116999,0.198527202,1.069633603,-0.8360648155,1.372054471,
88.5136999,0.1867094338,0.9957293272,-0.6591237187,1.208627892,
88.51570771,0.1812602282,0.9423769712,-0.5019875169,1.083014817,
88.5176999,0.1720473319,0.8566454053,-0.2714162767,0.9149362984,
88.5196999,0.1670386642,0.7805576324,-0.07302315533,0.8015637929,
88.5216999,0.1796608865,0.664170742,0.205987528,0.7182142232,
88.5236999,0.2030378878,0.5709213018,0.422768116,0.7388561407,
88.5256999,0.2322088331,0.4817516804,0.6745041013,0.8607911514,
88.5276999,0.3105950058,0.349812001,1.152750611,1.244054527,
88.5296999,0.3950624466,0.2562849224,1.622014165,1.688989713,
88.5316999,0.4734964967,0.1616373509,2.224050522,2.279632929,
88.5336999,0.5363490582,-0.01699883305,3.390285492,3.432491076,
88.5356999,0.5778453946,-0.1805706918,4.438926697,4.480020234,
88.5376999,0.5955241919,-0.348270148,5.54754734,5.5902793,
88.5396999,0.5820208788,-0.6250398755,7.094019413,7.145245593,
88.5416999,0.5333994031,-0.8481889963,8.119523048,8.181112029,
88.5436999,0.4684590697,-1.094533205,9.105791092,9.183293976,
88.5456999,0.4380335808,-1.250204206,9.542426109,9.633938967,
88.5476999,0.417232722,-1.398434043,9.808775902,9.916742691,
88.5496999,0.3951199055,-1.576859474,9.92417717,10.05643565,
88.5516999,0.3887321651,-1.736150622,9.931397438,10.08949884,
88.5536999,0.3965181112,-1.894139171,9.920595169,10.10758123,
88.5556999,0.4320863783,-2.13001585,9.887449265,10.1235033,
88.5576999,0.4814739823,-2.347103119,9.889240265,10.17535175,
88.5596999,0.5445180535,-2.61614418,9.865107536,10.22061921,
88.5616999,0.683036983,-3.107645035,9.773955345,10.2788229,
88.5636999,0.795478344,-3.446530104,9.793596268,10.41277501,
88.5656999,0.9854342937,-3.959597826,9.69192028,10.51583636,
88.5676999,1.166081548,-4.386263847,9.414968491,10.45182704,
88.5696999,1.353968978,-4.805976868,8.864484787,10.17397347,
88.5716999,1.616900206,-5.355723858,7.557431698,9.402814376,
88.5736999,1.82432425,-5.795739651,6.218201637,8.693951269,
88.5756999,2.051696777,-6.330000877,4.651828766,8.118982796,
88.5776999,2.346212387,-7.113891602,2.276885748,7.82920015,
88.5796999,2.541981459,-7.672142506,0.4498705268,8.094802274,
88.5816999,2.65306282,-8.237633705,-1.303594947,8.751954706,
88.5836999,2.724649429,-8.891107559,-3.494069338,9.933983525,
88.5856999,2.764862537,-9.333249092,-4.938050747,10.91505147,
88.5876999,2.78606534,-9.781722069,-6.271400928,11.94883745,
88.5896999,2.742558002,-9.996577263,-6.786852837,12.39009898,
88.5916999,2.629417658,-10.12574863,-6.817287922,12.48679451,
88.5936999,2.559583426,-10.17970467,-6.283036709,12.23333171,
88.5956999,2.479425669,-10.18401432,-5.579562664,11.87405655,
88.5976999,2.350627184,-10.18648529,-4.638038158,11.43684085,
88.5996999,2.176856041,-10.27007198,-2.909376383,10.8939227,
88.6016999,2.074652433,-10.38196659,-1.370239973,10.6755314,
88.6036999,1.992397189,-10.55007839,0.1822945029,10.73811119,
88.6056999,1.894426465,-10.9551878,1.968493581,11.29070229,
88.6076999,1.799271345,-11.44133377,2.902778149,11.94016821,
88.6096999,1.884648561,-13.80624008,3.949513435,14.48319101,
88.6116999,2.081921101,-18.34557915,4.261736393,18.9488012,
88.61370146,3.20659256,-27.13296127,5.355762005,27.84176736,
88.6156999,5.596101761,-38.6655159,6.633720398,39.62757526,
88.6176999,7.688260078,-43.27303314,6.856361866,44.48229354,
88.6196999,9.804217339,-46.70974731,6.726787567,48.19930334,
88.6216999,12.1172657,-50.15582275,5.83997488,51.9282196,
88.6236999,13.52527618,-52.44640732,4.512524605,54.34999186,
88.6256999,14.46627426,-54.47092056,2.672321796,56.42247408,
88.6276999,15.5118227,-57.31465149,-0.07294654101,59.37668937,
88.6296999,16.55379868,-58.61940765,-1.714947462,60.9360669,
88.6316999,16.42715454,-61.77752686,-4.506251335,64.08291919,
88.6336999,15.53277683,-63.82770157,-6.547289371,66.0159802,
88.6356999,14.36992168,-65.62097931,-8.134654999,67.66668447,
88.6376999,12.24813271,-68.07064056,-9.519882202,69.81587942,
88.6396999,10.34785461,-69.37837219,-9.617383957,70.80205292,
88.6416999,8.018679619,-70.44493103,-8.993062973,71.46791387,
88.6436999,4.76579237,-71.21712494,-6.954830647,71.71444297,
88.6456999,2.350119591,-71.10056305,-4.56158638,71.2854908,
88.6476999,0.4942302406,-69.68010712,-1.55615449,69.69923391,
88.6496999,-0.9561197162,-66.06625366,3.129738808,66.14725469,
88.6516999,-3.290418386,-64.65743256,5.359592915,64.96257133,
88.6536999,-6.2813797,-60.15610886,6.813179493,60.86569295,
88.6556999,-7.724470139,-55.033638,7.137546539,56.02957541,
88.6576999,-8.66375351,-49.76956177,7.002820015,51.00107246,
88.6596999,-9.210905075,-43.52206039,6.196490765,44.91555422,
88.6616999,-9.081790924,-39.94015884,5.188407421,41.28698083,
88.6636999,-8.295612335,-37.52523422,3.710054874,38.60990669,
88.6656999,-7.652270794,-34.12837982,2.403922081,35.05827148,
88.6676999,-7.278229713,-31.82728195,1.738535166,32.69512209,
88.6696999,-6.857012749,-29.83839989,1.273198128,30.64261355,
88.6716999,-6.306442261,-27.52981377,0.8296579123,28.25509144,
88.6736999,-5.883099556,-26.01002312,0.6057234406,26.67393979,
88.6756999,-5.373939037,-24.15666199,0.4476678371,24.75124129,
88.6776999,-5.066399097,-22.88640404,0.4024269879,23.44392964,
88.6796999,-4.808668137,-21.75670433,0.4355627298,22.28603122,
88.6816999,-4.464774609,-20.23155022,0.6843107343,20.72964345,
88.6836999,-4.320355892,-19.16493416,0.6776739955,19.65755372,
88.6856999,-4.177134991,-18.17933655,0.7479390502,18.6680515,
88.6876999,-3.993710518,-17.03985023,0.7324820757,17.51692752,
88.6896999,-3.85771966,-16.27062035,0.77208215,16.7395101,
88.6916999,-3.693985224,-15.35130596,0.8032068014,15.80991027,
88.6936999,-3.606826544,-14.73713493,0.8308933377,15.19482568,
88.6956999,-3.522723198,-14.18284893,0.8874539733,14.6407089,
88.6976999,-3.435325146,-13.68323612,0.9068661332,14.13700166,
88.6996999,-3.286827087,-13.06037045,0.9489753246,13.50100228,
88.7016999,-3.160375118,-12.69895077,1.040548801,13.12760691,
88.7036999,-3.033080101,-12.21856976,1.161063313,12.6428276,
88.7056999,-2.939399719,-11.85075283,1.283272982,12.27710075,
88.7076999,-2.832465172,-11.47822475,1.477155447,11.91446561,
88.7096999,-2.619419336,-11.08854389,1.665780187,11.5148594,
88.7116999,-2.418316126,-10.76074886,1.817476749,11.17788847,
88.7136999,-2.180160046,-10.43063641,1.982025504,10.83880523,
88.7156999,-1.878931165,-10.05635548,2.142168999,10.45225123,
88.7176999,-1.615511656,-9.771665573,2.294516563,10.16661853,
88.7196999,-1.343539834,-9.475455284,2.411832571,9.869462421,
88.7216999,-0.9819004536,-9.053578377,2.497698307,9.442981879,
88.7236999,-0.7147841454,-8.734583855,2.5456779,9.126025831,
88.7256999,-0.3197600245,-8.315369606,2.561613798,8.706864155,
88.7276999,-0.0658788532,-8.035476685,2.5683465,8.436209416,
88.7296999,0.1798236966,-7.836097717,2.546980381,8.241594085,
88.7316999,0.5111525059,-7.351434708,2.48939538,7.778300489,
88.7336999,0.7380940318,-7.084787369,2.439557314,7.529305064,
88.7356999,0.9809427261,-6.843288898,2.386837244,7.31367511,
88.7376999,1.270784736,-6.516797066,2.329146385,7.036224892,
88.7396999,1.439441919,-6.330863476,2.218553543,6.861035287,
88.7416999,1.579761386,-5.975477695,2.138022184,6.540116099,
88.7436999,1.753302574,-5.611395836,2.036584616,6.221696717,
88.7456999,1.86176002,-5.382079124,1.928673148,6.012712049,
88.7476999,1.995672464,-5.191357136,1.793190122,5.843665657,
88.7496999,2.064635038,-4.970046997,1.6625911,5.632787424,
88.7516999,2.110718727,-4.68001318,1.446461797,5.333845577,
88.7536999,2.125974655,-4.441972256,1.1270082,5.051834641,
88.7556999,2.126865149,-4.285659313,0.8854236603,4.865635228,
88.7576999,2.117566109,-4.197562695,0.6338409185,4.743982832,
88.7596999,2.02893281,-4.049361229,0.3240121007,4.540801532,
88.7616999,1.866912365,-3.895663023,0.03282929212,4.320026612,
88.7636999,1.744999528,-3.566651821,-0.1680825353,3.974201845,
88.7656999,1.623584867,-3.08055234,-0.4281024039,3.508433013,
88.7676999,1.529923558,-2.823769331,-0.5561347604,3.259390311,
88.7696999,1.42013514,-2.427069426,-0.7517697811,2.910774402,
88.7716999,1.327824235,-2.112174273,-0.8620850444,2.639618908,
88.7736999,1.227143288,-1.803590417,-1.004089952,2.401461153,
88.7756999,1.091104746,-1.415777683,-1.151649237,2.12631888,
88.7776999,0.9769588113,-1.117872,-1.303374648,1.975568728,
88.7796999,0.8464939594,-0.8363617063,-1.457992196,1.881965507,
88.7816999,0.6833339334,-0.5043241978,-1.653378129,1.85874888,
88.7836999,0.5285439491,-0.2633621693,-1.81557107,1.909192669,
88.7856999,0.3781881034,-0.04592078924,-1.978328824,2.014676127,
88.7876999,0.3364523649,0.2432125807,-2.029229641,2.071261811,
88.7896999,0.1614841223,0.4879287481,-2.041018724,2.104734905,
88.7916999,-0.07708371431,0.7418960333,-2.06335187,2.194031121,
88.7936999,-0.2288856804,0.8879998326,-2.067996502,2.262198464,
88.7956999,-0.3986249864,1.047147274,-2.075562239,2.35868139,
88.7976999,-0.653234005,1.217221737,-2.030848026,2.456152912,
88.7996999,-0.8172080517,1.288626313,-1.905909061,2.441490554,
88.8016999,-0.98631531,1.326895237,-1.719008088,2.385048777,
88.8036999,-1.231050611,1.319454074,-1.416965246,2.294392113,
88.8056999,-1.403251171,1.315527558,-1.157203913,2.244737736,
88.8076999,-1.526571751,1.301507235,-0.8443295956,2.176518977,
88.8096999,-1.702535987,1.280361533,-0.3754682839,2.163083649,
88.8116999,-1.830798149,1.256572843,0.02634579502,2.220696123,
88.8136999,-1.951973557,1.235005856,0.5659030676,2.378168731,
88.8156999,-2.039342642,1.222326159,0.954223454,2.561941071,
88.8176999,-2.124241114,1.219242454,1.322748542,2.783633628,
88.8196999,-2.228695393,1.210412621,1.714152575,3.061127393,
88.8216999,-2.283263922,1.213247299,1.94965589,3.238274423,
88.8236999,-2.327221394,1.212136507,2.068149567,3.341029326,
88.8256999,-2.388244867,1.211389422,2.06726861,3.383013063,
88.8276999,-2.424320698,1.202530861,1.952078819,3.336768352,
88.8296999,-2.437804937,1.198125601,1.754461408,3.233656243,
88.8316999,-2.440179825,1.185924649,1.4636904,3.082739762,
88.8336999,-2.424665451,1.187849641,1.247206688,2.974140858,
88.8356999,-2.401317358,1.199102402,0.9286821485,2.840179951,
88.8376999,-2.415452719,1.194112897,0.6724546552,2.777141104,
88.8396999,-2.403903008,1.211628914,0.4344997108,2.726826781,
88.8416999,-2.411200523,1.205547571,0.1131882817,2.698155759,
88.8436999,-2.383312941,1.211877823,-0.1084286049,2.675926978,
88.8456999,-2.345474958,1.225036383,-0.2931652367,2.662313425,
88.8476999,-2.280850649,1.245224237,-0.4496214986,2.637237679,
88.8496999,-2.216647625,1.272680998,-0.5059139729,2.605607907,
88.8516999,-2.137351751,1.298270226,-0.5155003667,2.553334822,
88.8536999,-2.077238083,1.323619962,-0.4928129017,2.511922055,
88.8556999,-2.030599117,1.348749638,-0.4594472945,2.480635035,
88.8576999,-1.935903549,1.377547026,-0.4243195653,2.413587673,
88.8596999,-1.852116108,1.418516636,-0.3959051967,2.366276494,
88.8616999,-1.749012232,1.446480989,-0.3814921081,2.301496745,
88.8636999,-1.634665132,1.495648146,-0.3243855834,2.23926762,
88.8656999,-1.574925065,1.526926041,-0.230360508,2.205664992,
88.8676999,-1.5050143,1.563030601,-0.1066185907,2.172441075,
88.8696999,-1.406718016,1.627041936,0.08324160427,2.152452137,
88.8716999,-1.326493025,1.661786675,0.218207553,2.137459528,
88.8736999,-1.260681272,1.710178256,0.337400496,2.151247552,
88.8756999,-1.177813053,1.757162094,0.4837532341,2.169995255,
88.8776999,-1.127180576,1.798821211,0.5556750298,2.194326443,
88.8796999,-1.027495623,1.852796078,0.6065949798,2.203759976,
88.8816999,-0.9320435524,1.910151601,0.6040474772,2.209583145,
88.8836999,-0.8454022408,1.940644145,0.5434071422,2.185428097,
88.8856999,-0.7416661978,1.997520804,0.4375068247,2.175217307,
88.8876999,-0.6488286853,2.021797895,0.3414705992,2.150638873,
88.8896999,-0.555847466,2.055249691,0.2413068116,2.142719458,
88.8916999,-0.4314830303,2.07971859,0.09130527824,2.125968878,
88.8936999,-0.2990357876,2.090904236,0.01732444391,2.11225071,
88.8956999,-0.1824094355,2.098737955,-0.06736325473,2.107726741,
88.8976999,-0.0455185622,2.094639063,-0.165266946,2.101641717,
88.8996999,0.0436319299,2.089822054,-0.2493321747,2.105095365,
88.9016999,0.1479520947,2.090310574,-0.3344029486,2.122054063,
88.9036999,0.2724314332,2.080628395,-0.4644368291,2.149170764,
88.9056999,0.3551941812,2.084746361,-0.5489329696,2.184870179,
88.9076999,0.4503206313,2.067086697,-0.6553217173,2.214742115,
88.9096999,0.50978297,2.043977976,-0.7223497629,2.226996592,
88.9116999,0.5692070723,2.023694277,-0.8037909269,2.2506477,
88.9136999,0.6494989991,1.972372055,-0.9120759368,2.26803505,
88.9156999,0.7001699209,1.958188891,-0.9789124727,2.298480211,
88.9176999,0.7423078418,1.931450486,-1.052864552,2.32164719,
88.9196999,0.7900961041,1.897452712,-1.163965106,2.362073965,
88.9216999,0.8226572871,1.86178875,-1.237993717,2.382362442,
88.9236999,0.8487445116,1.818635583,-1.304169536,2.393462096,
88.9256999,0.8546916842,1.755524397,-1.43027699,2.420342135,
88.9276999,0.8490030766,1.697058082,-1.513537765,2.427263669,
88.9296999,0.8557738662,1.626544118,-1.604421616,2.439705597,
88.9316999,0.8563485146,1.572444558,-1.64820683,2.433618791,
88.9336999,0.8518090844,1.516832113,-1.689319968,2.42490419,
88.9356999,0.8413608074,1.457331419,-1.723250628,2.408587885,
88.9376999,0.8392634988,1.410903096,-1.728460431,2.383817575,
88.9396999,0.8254154325,1.367864847,-1.699911952,2.332823508,
88.9416999,0.8062330484,1.312003374,-1.665713191,2.268471956,
88.9436999,0.8100925088,1.263391495,-1.616814017,2.206013488,
88.9456999,0.7905654311,1.211303234,-1.554718018,2.123534163,
88.9476999,0.7639322877,1.13323319,-1.434452415,1.981278307,
88.9496999,0.7359488606,1.076931,-1.321580172,1.856872439,
88.9516999,0.6997007132,1.013274074,-1.140674353,1.678524178,
88.9536999,0.6812844872,0.9726875424,-0.987780571,1.544661796,
88.9556999,0.6563464403,0.9314498305,-0.8516463041,1.422564889,
88.9576999,0.6433124542,0.8926445842,-0.6407841444,1.273290849,
88.9596999,0.6287940145,0.8579190969,-0.4527531266,1.15602443,
88.9616999,0.6150895953,0.8463024497,-0.261734128,1.078456212,
88.9636999,0.62380445,0.8226860166,0.02838565409,1.032835911,
88.9656999,0.6431879401,0.8059074879,0.270640552,1.066031854,
88.9676999,0.6588747501,0.8028811812,0.5367034078,1.169095666,
88.9696999,0.7425377369,0.809412539,0.9314019084,1.440145987,
88.9716999,0.8212303519,0.8323490024,1.279518843,1.733318384,
88.9736999,0.9593853951,0.8557068706,1.822485447,2.230270788,
88.9756999,1.087848663,0.8577850461,2.345245123,2.723854729,
88.9776999,1.239631414,0.8431611657,2.946860075,3.306295676,
88.9796999,1.467511654,0.7380270362,3.92274642,4.252788948,
88.9816999,1.547248006,0.5381878018,4.704338551,4.981407803,
88.9836999,1.505531549,0.2472061217,5.435192585,5.645268333,
88.9856999,1.389096737,-0.1153143346,6.176992893,6.332308295,
88.9876999,1.301392317,-0.3581342697,6.455935955,6.595528119,
88.9896999,1.237323523,-0.5895290375,6.421535969,6.566173786,
88.9916999,1.135186791,-0.8438411951,5.920764923,6.087378277,
88.9936999,1.071050882,-0.9789699316,5.299172878,5.494248385,
88.9956999,0.9955569506,-1.096582651,4.287948132,4.536532413,
88.9976999,0.9462076426,-1.157261372,3.515310526,3.819943832,
88.9996999,0.8962933421,-1.195702672,2.816299677,3.188195494,
89.0016999,0.8556972742,-1.257865667,2.064175367,2.564227722,
89.0036999,0.8155034184,-1.304878116,1.658080459,2.262075049,
89.0056999,0.7913219333,-1.372116923,1.38427949,2.103598098,
89.0076999,0.767130971,-1.453040957,1.232985139,2.05428097,
89.0096999,0.7507067323,-1.565530181,1.312893987,2.176725974,
89.0116999,0.73192662,-1.770617604,1.600380182,2.496401411,
89.0136999,0.7302985787,-1.982877851,1.928596616,2.860878447,
89.01571708,0.7328842878,-2.224988937,2.354352474,3.321245357,
89.0176999,0.7405840158,-2.65004611,3.014644861,4.081579683,
89.0196999,0.7711628079,-3.01628232,3.482088566,4.670930517,
89.0216999,0.8294855356,-3.409496307,3.832800865,5.19644819,
89.0236999,0.9324266315,-3.957643986,4.175726891,5.828298243,
89.0256999,1.05648458,-4.429770947,4.337757111,6.289289869,
89.0276999,1.186901569,-4.901658535,4.394413471,6.689234746,
89.0296999,1.377843857,-5.588995457,4.254640102,7.158022514,
89.0316999,1.525058627,-6.103461742,3.96724987,7.437548023,
89.0336999,1.671047449,-6.646303654,3.661347389,7.769891668,
89.0356999,1.878825784,-7.428508759,3.40796423,8.386116437,
89.0376999,2.037829638,-7.988120079,3.300244093,8.880001301,
89.0396999,2.2027421,-8.576662064,3.032074451,9.359737197,
89.0416999,2.395303011,-8.977336884,2.883643627,9.728589549,
89.0436999,2.571200132,-9.31125164,2.637040854,10.01321435,
89.0456999,2.691264629,-9.69396019,2.129795551,10.28356935,
89.0476999,2.721565723,-9.958106995,1.570768714,10.44213241,
89.0496999,2.737999439,-10.22719669,1.016549349,10.63605029,
89.0516999,2.749577999,-10.56480789,0.2487192601,10.91957903,
89.0536999,2.754213095,-10.86309624,-0.3771442175,11.21315243,
89.0556999,2.694721937,-11.2491951,-1.11819756,11.6213718,
89.0576999,2.601032019,-12.14183998,-2.019978285,12.58053886,
89.0596999,2.561604261,-13.92640114,-2.361496925,14.35559587,
89.0616999,2.585383654,-19.51823044,-2.711059809,19.87449052,
89.0636999,3.443829298,-27.58827209,-2.541301489,27.91829025,
89.0656999,4.719412327,-35.98921204,-1.702028394,36.33721421,
89.06776083,6.918112755,-42.74927902,-1.27963376,43.32434193,
89.0696999,8.579554558,-46.01991653,-1.10169661,46.82579641,
89.0716999,10.18759632,-48.89447403,-1.017210126,49.95489391,
89.0736999,11.88711548,-52.34610748,-1.314119816,53.69492894,
89.0756999,12.58741951,-54.48048019,-1.665722728,55.94050844,
89.0776999,13.47639656,-56.07266235,-1.878366232,57.69995656,
89.0796999,13.72895622,-59.70744705,-2.949235201,61.3364611,
89.0816999,13.68890572,-62.10816956,-3.687357903,63.70563141,
89.0836999,13.26680756,-64.9070816,-4.238302231,66.38449089,
89.0856999,12.39215851,-67.0911026,-4.343062401,68.36405365,
89.0876999,11.33719635,-69.14388275,-4.018753529,70.18232629,
89.0896999,9.690176964,-71.65818024,-2.941861153,72.37022089,
89.0916999,8.12779808,-73.22869873,-1.769362926,73.69962052,
89.0936999,6.378479004,-74.09985352,-0.2147120088,74.37418495,
89.0956999,3.708608866,-74.53931427,2.181069851,74.66337936,
89.0976999,1.677885294,-74.07974243,4.007050991,74.20700772,
89.0996999,-0.02319502644,-72.76876831,5.978475094,73.01394623,
89.1016999,-0.8066543937,-67.70987701,9.492617607,68.37680839,
89.1036999,-2.500983238,-63.99966431,10.42076302,64.89071005,
89.1056999,-4.147772312,-59.44039536,9.904928207,60.40258453,
89.1076999,-5.691649437,-52.33627319,8.514509201,53.32895304,
89.1096999,-6.436974049,-47.25691223,7.261489391,48.24292297,
89.1116999,-6.899141312,-41.49601746,5.507305622,42.42461586,
89.1136999,-6.67053318,-38.21860123,4.174357891,39.02028647,
89.1156999,-5.727601051,-35.91936874,2.785500526,36.47965841,
89.1176999,-4.789494991,-32.88449478,1.780577421,33.27911831,
89.1196999,-4.223678112,-30.7964344,1.41886127,31.11708527,
89.1216999,-3.662534952,-28.90106964,1.260863304,29.15948842,
89.1236999,-2.94277072,-26.62273788,1.288999915,26.81588322,
89.1256999,-2.392477751,-25.15662575,1.395283341,25.30862668,
89.1276999,-1.918751597,-23.79436111,1.591617465,23.92459978,
89.1296999,-1.42959702,-22.11035728,1.793592334,22.22900403,
89.1316999,-1.161877275,-20.98182678,1.893985987,21.09915157,
89.1336999,-0.9392836094,-19.7663765,2.010037661,19.89050389,
89.1356999,-0.7870890498,-18.74032593,2.15640974,18.88039798,
89.1376999,-0.6711809039,-17.88950348,2.325066566,18.05244452,
89.1396999,-0.5385421515,-16.90941429,2.580326796,17.11363216,
89.1416999,-0.4757757485,-16.2099514,2.7827425,16.45395219,
89.1436999,-0.4043998122,-15.57682896,2.978051662,15.86410827,
89.1456999,-0.294534713,-14.8443861,3.261103868,15.2012285,
89.1476999,-0.1964969188,-14.36620617,3.486503601,14.78452563,
89.1496999,-0.05967308581,-13.96781063,3.662879705,14.440221,
89.1516999,0.09022309631,-13.44307899,3.808926105,13.97255994,
89.1536999,0.2197781354,-13.05859852,3.858763695,13.61856655,
89.1556999,0.4181233943,-12.5644455,3.791783333,13.13079353,
89.1576999,0.5577628016,-12.20210648,3.690212011,12.76010057,
89.1596999,0.7183562517,-11.83530426,3.576046705,12.38461032,
89.1616999,0.9403753877,-11.34615993,3.372281075,11.87400231,
89.1636999,1.098124504,-11.11223698,3.134785652,11.59804161,
89.1656999,1.308153391,-10.74942017,2.856359243,11.19911101,
89.1676999,1.528764725,-10.19875336,2.497592926,10.61082759,
89.1696999,1.695506573,-9.857014656,2.216360331,10.24440011,
89.1716999,1.930875778,-9.457566261,1.892204642,9.836375311,
89.1736999,2.058256865,-9.173805237,1.647402287,9.545106502,
89.1756999,2.189190865,-8.82689476,1.440389991,9.207678919,
89.1776999,2.315585613,-8.43354702,1.13546443,8.819066365,
89.1796999,2.394804955,-8.061545372,0.9767001867,8.466259375,
89.1816999,2.450666428,-7.691736698,0.9078238606,8.123590557,
89.1836999,2.532031059,-7.262619019,0.8210292459,7.735043976,
89.1856999,2.536666155,-6.876099586,0.7607623935,7.368458463,
89.1876999,2.509947062,-6.513751507,0.7074195743,7.016354851,
89.1896999,2.462398291,-6.093750954,0.5495458841,6.595392839,
89.1916999,2.42771101,-5.830417633,0.4722706676,6.333292201,
89.1936999,2.328677177,-5.657259464,0.3951199055,6.130533564,
89.1956999,2.241633654,-5.149717331,0.318103224,5.625451065,
89.1976999,2.199706316,-4.753323555,0.2547909319,5.243826,
89.1996999,2.101984501,-4.350034714,0.1256285608,4.832900101,
89.2016999,2.046075106,-4.116197586,0.08860461414,4.597538111,
89.2036999,1.991975784,-3.853975058,0.03732081503,4.33848869,
89.2056999,1.924689174,-3.467886209,-0.05354392529,3.966551415,
89.2076999,1.856435299,-3.185418129,-0.1533246785,3.690087957,
89.2096999,1.747671485,-2.890615463,-0.2138596773,3.384634299,
89.2116999,1.577855587,-2.464485884,-0.2278705388,2.935173574,
89.2136999,1.432364702,-2.128780603,-0.2253518403,2.575686112,
89.2156999,1.316964149,-1.761969566,-0.222517103,2.210982855,
89.2176999,1.145089269,-1.260671735,-0.2266159803,1.718102866,
89.2196999,1.001801014,-0.8986492157,-0.2387019098,1.366804407,
89.2216999,0.7568358779,-0.488666147,-0.2184469551,0.9269920288,
89.2236999,0.57538414,-0.2146162391,-0.1733880937,0.6381147778,
89.2256999,0.3850738108,0.02432508767,-0.1936047226,0.4316900952,
89.2276999,0.2758982182,0.3198270202,-0.23118411,0.4815134913,
89.2296999,0.1431158036,0.4767525792,-0.2027218491,0.5374674903,
89.2316999,-0.02476562373,0.5931682587,-0.1954817772,0.6250400343,
89.2336999,-0.2482787222,0.8585607409,-0.1328303069,0.903555621,
89.2356999,-0.448625505,1.07298553,-0.1185512915,1.169024037,
89.2376999,-0.6559921503,1.208937764,-0.1244218722,1.381063728,
89.2396999,-0.9250812531,1.360318303,-0.08006210625,1.647012796,
89.2416999,-1.137025476,1.427796483,-0.08667968214,1.827277509,
89.2436999,-1.433897018,1.470164299,-0.06230670586,2.05458654,
89.2456999,-1.710408092,1.49979496,0.1338741779,2.27877227,
89.2476999,-2.068772316,1.59614718,0.5863016844,2.677919786,
89.2496999,-2.588112831,1.820656419,1.582423687,3.537963051,
89.2516999,-2.869805098,1.942291379,2.159847736,4.083285361,
89.2536999,-3.016569614,1.955909491,2.333705187,4.286193425,
89.2556999,-3.086164236,1.864020109,2.196325779,4.221709084,
89.2576999,-3.07147336,1.788794279,1.974162936,4.06583975,
89.2596999,-3.059243917,1.703474522,1.758952975,3.918509201,
89.2616999,-3.076673508,1.607830882,1.59187603,3.819045602,
89.2636999,-3.108085632,1.559276462,1.528946757,3.798580994,
89.2656999,-3.109378338,1.512771606,1.517320514,3.77610555,
89.2676999,-3.102320194,1.479492188,1.459189296,3.733968549,
89.2696999,-3.086135387,1.454831958,1.364541769,3.67460772,
89.2716999,-3.058736324,1.441041231,1.216493845,3.593372372,
89.2736999,-3.031796932,1.411573529,1.064471722,3.509619996,
89.2756999,-3.011704683,1.370986938,0.8854619861,3.425494594,
89.2776999,-2.993049145,1.349889278,0.5487605929,3.328916105,
89.2796999,-3.022172213,1.339220762,0.2554230094,3.315460458,
89.2816999,-3.040167093,1.329624772,-0.06109045073,3.318772368,
89.2836999,-3.021310091,1.315451026,-0.4754692912,3.329383894,
89.2856999,-2.9710989,1.3056252,-0.7885446548,3.339743779,
89.2876999,-2.871346951,1.320421338,-1.197847843,3.379790715,
89.2896999,-2.808235884,1.336108208,-1.419857383,3.41867941,
89.2916999,-2.771939754,1.360615253,-1.601404905,3.478422278,
89.2936999,-2.735356092,1.404007792,-1.748514295,3.537048639,
89.2956999,-2.661471128,1.425641775,-1.789455056,3.509705463,
89.2976999,-2.566804409,1.469666362,-1.796896219,3.460814949,
89.2996999,-2.429645538,1.551481009,-1.751550078,3.373158526,
89.3016999,-2.375335455,1.605656981,-1.665818453,3.315916764,
89.3036999,-2.325258255,1.642996907,-1.484998822,3.211150307,
89.3056999,-2.214971781,1.69611001,-1.176175594,3.027586198,
89.3076999,-2.147972345,1.733909488,-0.91478616,2.908102651,
89.3096999,-2.042589188,1.777378798,-0.616210103,2.776861695,
89.3116999,-1.958801746,1.816806436,-0.1987953484,2.679031447,
89.3136999,-1.891361952,1.841840267,0.1077678055,2.642203532,
89.3156999,-1.786591649,1.88340354,0.4933875203,2.642451487,
89.3176999,-1.696377993,1.921528816,0.7525933981,2.671398156,
89.3196999,-1.59981513,1.960065961,0.9928754568,2.717916241,
89.3216999,-1.448482394,1.982734203,1.235436797,2.748752489,
89.3236999,-1.361218572,2.011636972,1.357014418,2.782280978,
89.3256999,-1.289296746,2.063744307,1.429175615,2.822032885,
89.3276999,-1.175610423,2.108947039,1.449239016,2.816027557,
89.3296999,-1.072994947,2.140856981,1.425297022,2.786764858,
89.3316999,-0.9400880933,2.18534112,1.379960418,2.750231297,
89.3336999,-0.8367830515,2.234326363,1.308996201,2.721376715,
89.3356999,-0.7287471294,2.272786856,1.218658209,2.67988065,
89.3376999,-0.5971809626,2.319655657,1.102606416,2.636886114,
89.3396999,-0.4923245013,2.341672897,1.015553355,2.599454556,
89.3416999,-0.3963936269,2.365662813,0.8804532886,2.555129438,
89.3436999,-0.2520807087,2.4085958,0.6811312437,2.515714249,
89.3456999,-0.1560636461,2.435698032,0.5317713618,2.49795147,
89.3476999,-0.059491124,2.471572638,0.3926490843,2.503274615,
89.3496999,0.05198290572,2.519542933,0.1848323643,2.526848198,
89.3516999,0.1260690838,2.554929256,0.02721728571,2.558182499,
89.3536999,0.203200683,2.574255228,-0.1446959674,2.586313481,
89.3556999,0.3015353382,2.58221364,-0.3542748094,2.623787622,
89.3576999,0.3663511574,2.574599981,-0.5060959458,2.649322808,
89.3596999,0.4343273342,2.576745033,-0.7010988593,2.705511931,
89.3616999,0.4753926992,2.57764554,-0.8406521082,2.752626149,
89.3636999,0.5219072104,2.548024416,-0.9652751088,2.774269561,
89.3656999,0.5422101021,2.510157824,-1.123129606,2.802909953,
89.3676999,0.5625703931,2.468536854,-1.249236941,2.823252129,
89.3696999,0.5791956782,2.437440872,-1.391395092,2.865757481,
89.3716999,0.5883128047,2.403357267,-1.55699718,2.923436048,
89.3736999,0.5792244077,2.375909805,-1.675663471,2.964506095,
89.3756999,0.5818197727,2.337095261,-1.761510015,2.983864279,
89.3776999,0.5638536215,2.279758692,-1.846973419,2.987731817,
89.3796999,0.5481668711,2.233273029,-1.907719135,2.987873431,
89.3816999,0.5349987149,2.169117928,-1.979114175,2.984658963,
89.3836999,0.5031462908,2.104618073,-2.02170229,2.961393856,
89.3856999,0.4877755046,2.049111128,-2.040606737,2.93272181,
89.3876999,0.4630673528,1.963312387,-2.036038637,2.866091456,
89.3896999,0.450253576,1.895489454,-2.017823696,2.804856685,
89.3916999,0.4365778863,1.833843589,-1.968369007,2.725446589,
89.3936999,0.4023791254,1.735508919,-1.872591257,2.584665971,
89.3956999,0.3768856525,1.669831157,-1.776440144,2.467005973,
89.3976999,0.3595229089,1.601931691,-1.65750587,2.332973976,
89.3996999,0.3202388287,1.523736954,-1.49794662,2.160595124,
89.4016999,0.2904837132,1.463403106,-1.381147981,2.033100878,
89.4036999,0.2456834018,1.395580173,-1.224902391,1.873069732,
89.4056999,0.2368823141,1.347887754,-1.084171176,1.745950105,
89.4076999,0.2257827967,1.284154058,-0.9197948575,1.595635326,
89.4096999,0.2168189138,1.202147841,-0.672129035,1.394247938,
89.4116999,0.2224117517,1.168916225,-0.4942111075,1.288439656,
89.4136999,0.226328671,1.126443148,-0.3236577809,1.193672146,
89.4156999,0.2177670151,1.037120223,-0.1185991764,1.066352003,
89.4176999,0.2145779282,0.9375693798,0.05784391239,0.9635486222,
89.4196999,0.221233815,0.8274073601,0.2440170497,0.8905569386,
89.4216999,0.2592537105,0.681217432,0.4937035441,0.8803481502,
89.4236999,0.2952720821,0.5832371116,0.7078792453,0.9635580713,
89.4256999,0.3589674234,0.4486063421,1.074958205,1.218868493,
89.4276999,0.4274511933,0.3592068851,1.451010704,1.554727041,
89.4296999,0.4925447404,0.273389101,1.953065276,2.032684406,
89.4316999,0.5796841383,0.1082562283,2.858657598,2.918848468,
89.4336999,0.6180583835,-0.04387135431,3.85752821,3.906973861,
89.4356999,0.6403340697,-0.1853303611,4.924777508,4.969688981,
89.4376999,0.6509547234,-0.407684654,6.347737312,6.394037677,
89.4396999,0.6280661821,-0.6005998254,7.355600357,7.406756638,
89.4416999,0.6022183299,-0.7916284204,8.122252464,8.182929033,
89.4436999,0.565654099,-0.9912665486,8.556647301,8.632426482,
89.4456999,0.5484828353,-1.121070504,8.438181877,8.529979243,
89.4476999,0.5142362118,-1.258047581,7.782476902,7.900257548,
89.4496999,0.494661212,-1.335504889,7.143512726,7.284094802,
89.4516999,0.5008574128,-1.419129491,6.463788986,6.636667441,
89.4536999,0.5147342086,-1.550379634,5.633556843,5.86562793,
89.4556999,0.5009627938,-1.678890824,5.18759346,5.475469298,
89.4576999,0.4812824428,-1.805189848,4.841162205,5.189141997,
89.4596999,0.4567945302,-2.008399963,4.533880234,4.979799356,
89.4616999,0.4393264353,-2.175256729,4.351346493,4.884564039,
89.4636999,0.4339825809,-2.368765593,4.168649673,4.814252944,
89.4656999,0.4190044701,-2.660159111,3.977975607,4.803779884,
89.4676999,0.4207186997,-2.893277884,3.836593151,4.823640549,
89.4696999,0.4505600333,-3.215795994,3.493283987,4.769421478,
89.4716999,0.5070440173,-3.472167015,3.046439648,4.646916391,
89.4736999,0.5703467131,-3.766587019,2.480507851,4.545920406,
89.4756999,0.675155282,-4.222414017,1.65426898,4.584890472,
89.4776999,0.7747924328,-4.622073174,1.046323657,4.801943037,
89.4796999,0.869210124,-5.044631004,0.4132487774,5.135620971,
89.4816999,0.9715957642,-5.639523029,-0.4413950145,5.739603461,
89.4836999,1.031192303,-6.15631628,-0.8966285586,6.306150211,
89.4856999,1.107260823,-6.711837769,-1.112767458,6.892970635,
89.4876999,1.23175931,-7.403417587,-1.178416491,7.597136855,
89.4896999,1.318065524,-7.851851463,-1.180714965,8.048785993,
89.4916999,1.369014144,-8.342308998,-1.097396731,8.524822504,
89.4936999,1.361505866,-8.650308609,-1.056340933,8.820283069,
89.4956999,1.345062494,-8.94852066,-1.010410547,9.105281138,
89.4976999,1.285734296,-9.351512909,-0.8644695878,9.478988028,
89.4996999,1.234459996,-9.607366562,-0.6901238561,9.710903906,
89.5016999,1.150624633,-9.836415291,-0.5418748856,9.918297798,
89.5036999,0.9769300818,-10.11524296,-0.5001487136,10.17460963,
89.5056999,0.9026139975,-10.38370991,-0.5005605221,10.43487922,
89.5076999,1.22281456,-11.323349,-0.4027430415,11.39630247,
89.5096999,1.825913906,-15.82179451,0.1689923406,15.92770233,
89.5116999,3.204696417,-23.07949257,1.093058467,23.32654782,
89.5136999,5.355598927,-32.81277466,2.07689333,33.31177129,
89.51570302,8.663237572,-41.56657028,1.994389176,42.50657641,
89.5176999,10.88035393,-45.55592346,1.738410592,46.86946058,
89.5196999,13.10309315,-49.74723053,1.422826171,51.46360296,
89.5216999,14.28590393,-52.4934845,0.961827457,54.41119442,
89.5236999,15.28464031,-54.51593399,0.3250751197,56.61901591,
89.5256999,16.72441864,-56.92839813,0.1448109001,59.33438854,
89.5276999,17.32755661,-60.33044434,-0.7076590061,62.77346185,
89.5296999,17.76575279,-62.9399147,-2.130389452,65.43388567,
89.5316999,17.475317,-65.95713043,-4.095320225,68.35569769,
89.5336999,16.46208,-68.11618042,-5.234663486,70.27243994,
89.5356999,15.17567539,-70.00275421,-5.847138882,71.86707002,
89.5376999,12.91168022,-72.26927185,-5.58125782,73.62546828,
89.5396999,10.92001152,-73.30344391,-4.439932346,74.24523244,
89.5416999,8.163691521,-73.6844635,-2.120132685,74.16563209,
89.5436999,6.142199993,-73.17307281,0.06297708303,73.43043764,
89.5456999,4.284395218,-72.05545807,2.509832144,72.22634102,
89.5476999,2.189679384,-69.49033356,5.718167305,69.75957706,
89.5496999,1.572741628,-64.84991455,8.077777863,65.36998875,
89.5516999,1.67031002,-57.80600739,10.43569374,58.76417386,
89.5536999,0.3998795748,-50.45782089,11.1991663,51.6872607,
89.5556999,-0.4654136598,-45.34083557,10.6223259,46.5708255,
89.5576999,-1.270507097,-40.86647797,9.544839859,41.98555916,
89.5596999,-2.121731997,-36.10132599,7.841661453,37.0040422,
89.5616999,-2.636245966,-33.867733,6.274857998,34.54485453,
89.5636999,-2.924373865,-31.26660728,4.558962345,31.73226798,
89.5656999,-2.939054966,-29.40304756,3.611423254,29.76944118,
89.5676999,-2.82768631,-27.77701187,2.793717384,28.05999029,
89.5696999,-2.550140858,-25.88960266,2.018168449,26.09305939,
89.5716999,-2.302465677,-24.67594528,1.604584336,24.83502194,
89.5736999,-2.074776888,-23.5968895,1.232678652,23.7199787,
89.5756999,-1.90887785,-22.32102776,0.7918391228,22.41649178,
89.5776999,-1.827867627,-21.4693718,0.591789186,21.55516736,
89.5796999,-1.73713696,-20.72030258,0.5431581736,20.80008665,
89.5816999,-1.535526037,-20.0618,0.4257369339,20.12498227,
89.5836999,-1.605772018,-19.20601845,0.4626555443,19.27858134,
89.5856999,-1.780816793,-18.43001938,0.7126964331,18.52956716,
89.5876999,-1.873309612,-17.83754158,0.9436410666,17.96044646,
89.5896999,-2.042771339,-17.32643509,1.159320354,17.48491611,
89.5916999,-2.246000767,-16.78395653,1.448683619,16.99542292,
89.5936999,-2.383198023,-16.38652039,1.656864166,16.64160095,
89.5956999,-2.519705772,-16.04220581,1.872802019,16.34651865,
89.5976999,-2.642987967,-15.73168659,2.113141537,16.09151067,
89.5996999,-2.71292758,-15.47539139,2.136614323,15.85600314,
89.6016999,-2.759422779,-15.17064857,2.117556334,15.56428723,
89.60370146,-2.724132299,-14.89647388,2.00821805,15.27608493,
89.6056999,-2.648025274,-14.73286438,1.909538746,15.09025079,
89.6076999,-2.489979267,-14.36601448,1.718127131,14.68108748,
89.6096999,-2.31651473,-14.10485554,1.582031012,14.38109914,
89.6116999,-2.119740009,-13.87210083,1.410855174,14.10386442,
89.6136999,-1.856885433,-13.41494274,1.149475336,13.5915417,
89.6156999,-1.656347036,-13.09981728,0.9665488005,13.23944541,
89.6176999,-1.436243296,-12.8011837,0.7950282097,12.90601289,
89.6196999,-1.112087488,-12.39421654,0.6261029243,12.45974908,
89.6216999,-0.8575743437,-12.0760088,0.5241673589,12.11776273,
89.6236999,-0.6053882241,-11.71579552,0.4632205665,11.74056782,
89.6256999,-0.2854462862,-11.28799057,0.3755832314,11.29784375,
89.6276999,-0.02845269442,-10.92790222,0.3121081293,10.93239535,
89.6296999,0.2910678983,-10.42825222,0.2612361312,10.4355838,
89.6316999,0.4864922166,-10.08737469,0.1989677399,10.1010589,
89.6336999,0.6304411888,-9.786730766,0.1342093647,9.807933898,
89.6356999,0.7454490066,-9.353897095,0.0417836085,9.383646996,
89.6376999,0.8499128819,-9.025173187,0.0001723825117,9.065103584,
89.6396999,0.9662710428,-8.594676971,0.03055001423,8.648877689,
89.6416999,1.047329187,-8.11516571,0.09645759314,8.183038372,
89.6436999,1.097779751,-7.818457127,0.1635144055,7.896842988,
89.6456999,1.141833186,-7.484188557,0.2476753891,7.574840228,
89.6476999,1.167527676,-6.987812996,0.3065823019,7.09130764,
89.6496999,1.18738997,-6.681661606,0.3756885827,6.796737355,
89.6516999,1.174605012,-6.37454319,0.4382729828,6.49665922,
89.6536999,1.149446607,-6.069885254,0.439460516,6.193372267,
89.6556999,1.112748265,-5.892130375,0.3928118944,6.009135565,
89.6576999,1.060324907,-5.57171917,0.4003775716,5.68582849,
89.6596999,1.030215502,-5.184184074,0.4490756094,5.304599646,
89.6616999,1.009883881,-4.832859039,0.5360042453,4.96625538,
89.6636999,1.034975052,-4.50497818,0.6245993376,4.664346266,
89.6656999,1.028913021,-4.303452969,0.6714969277,4.475408091,
89.6676999,1.001915932,-4.096009731,0.6244940162,4.262760142,
89.6696999,0.9184731841,-3.721451521,0.4931672215,3.864713226,
89.6716999,0.828029871,-3.441473484,0.3493331969,3.556881625,
89.6736999,0.6758544445,-3.059943199,0.1363258511,3.136656875,
89.6756999,0.5478029251,-2.74017334,0.04800853506,2.794806397,
89.6776999,0.4014405906,-2.412675381,-0.02692040429,2.445992998,
89.6796999,0.2554325759,-2.002864599,-0.09362286329,2.021256452,
89.6816999,0.1708598137,-1.695726871,-0.1581896991,1.711638595,
89.6836999,0.09239703417,-1.462723136,-0.197923854,1.478942202,
89.6856999,0.009442731738,-1.206179738,-0.3300550878,1.25055791,
89.6876999,-0.09362286329,-0.9253972769,-0.443693459,1.030528625,
89.6896999,-0.1971098334,-0.6481486559,-0.5748382807,0.8884751068,
89.6916999,-0.3422080278,-0.2958754599,-0.7193713784,0.849790446,
89.6936999,-0.436032027,-0.06686526537,-0.8036952019,0.9167992527,
89.6956999,-0.5683547258,0.2444479913,-0.9038207531,1.095296247,
89.6976999,-0.6896354556,0.4897770286,-0.9776004553,1.292741757,
89.6996999,-0.7090667486,0.7133284211,-0.9256462455,1.36690675,
89.7016999,-0.8370416164,0.9691728354,-0.8275989294,1.524747402,
89.7036999,-0.9580829144,1.116100192,-0.7888990641,1.669120799,
89.7056999,-1.092378378,1.244506121,-0.7326735854,1.810772373,
89.7076999,-1.292265654,1.32843709,-0.6091998219,1.950851108,
89.7096999,-1.393339276,1.34678638,-0.4862144887,1.99790701,
89.7116999,-1.462071896,1.347629189,-0.3229490519,2.014461405,
89.7136999,-1.549489021,1.347370505,0.01285207458,2.053409039,
89.7156999,-1.604182124,1.343003511,0.3064195216,2.114462495,
89.7176999,-1.625308633,1.342773676,0.588762939,2.18890637,
89.7196999,-1.667982936,1.350846887,1.005449772,2.370207508,
89.7216999,-1.70220077,1.3505404,1.31862092,2.541693916,
89.7236999,-1.716010451,1.364340544,1.738765001,2.798110205,
89.7256999,-1.723202705,1.382488608,2.058314562,3.019496837,
89.7276999,-1.742873549,1.413306832,2.328945398,3.234042529,
89.7296999,-1.774783492,1.426024795,2.597699165,3.454192252,
89.7316999,-1.7936306,1.435936928,2.750210047,3.583668636,
89.7336999,-1.784455895,1.446796894,2.833307743,3.647620713,
89.7356999,-1.797930598,1.448884606,2.793870687,3.624573693,
89.7376999,-1.791590691,1.440667748,2.635259628,3.497129405,
89.7396999,-1.788315415,1.416620374,2.374578953,3.292948604,
89.7416999,-1.782732129,1.356171608,1.921413898,2.951129723,
89.7436999,-1.783661127,1.310528517,1.505770922,2.676990489,
89.7456999,-1.770904779,1.24407506,0.8964465857,2.342529183,
89.7476999,-1.752143741,1.196928501,0.4504834414,2.169235085,
89.7496999,-1.725616097,1.158717036,0.00656968914,2.078561822,
89.7516999,-1.662102699,1.156772971,-0.502389729,2.086409483,
89.7536999,-1.609459043,1.133338451,-0.8425004482,2.141172917,
89.7556999,-1.555091381,1.118274212,-1.118274212,2.217968356,
89.7576999,-1.472625613,1.113840103,-1.391280174,2.311909707,
89.7596999,-1.419474244,1.106159568,-1.567426443,2.386487329,
89.7616999,-1.352905869,1.117086649,-1.685355186,2.432829418,
89.7636999,-1.259857655,1.153286934,-1.755409598,2.449239662,
89.7656999,-1.193136096,1.163811922,-1.745871067,2.413731078,
89.7676999,-1.087197423,1.183272004,-1.689616799,2.331723783,
89.7696999,-1.000010252,1.212078929,-1.619686961,2.256666056,
89.7716999,-0.9466098547,1.240119815,-1.497036815,2.162194856,
89.7736999,-0.8805682659,1.275458217,-1.284996867,2.013308492,
89.7756999,-0.8296196461,1.303738594,-1.095471859,1.894217958,
89.7776999,-0.7866581082,1.328590512,-0.9158300161,1.795195908,
89.7796999,-0.7222923636,1.367443442,-0.6815717816,1.690014177,
89.7816999,-0.6587789655,1.400722861,-0.5284194946,1.635616527,
89.7836999,-0.5970373154,1.43821609,-0.3619745672,1.598732206,
89.7856999,-0.5350274444,1.484385848,-0.184305653,1.588591919,
89.7876999,-0.4629811347,1.523593426,-0.08712020516,1.594765935,
89.7896999,-0.3578182459,1.558768868,0.02319502644,1.599478756,
89.7916999,-0.2738775313,1.5775491,0.0321684964,1.601469599,
89.7936999,-0.2002318799,1.601567745,0.01417367347,1.614098182,
89.7956999,-0.104578726,1.626678109,-0.05239471048,1.630878164,
89.7976999,-0.04084508121,1.634042621,-0.1129871681,1.63845345,
89.7996999,0.01878011972,1.638304353,-0.1572703272,1.64594283,
89.8016999,0.09331640601,1.667398691,-0.2168093324,1.684022753,
89.8036999,0.1365557015,1.691120505,-0.2436626852,1.714032534,
89.8056999,0.1704096943,1.699260712,-0.2561604381,1.726888705,
89.8076999,0.2238961607,1.698714852,-0.2676238716,1.734181126,
89.8096999,0.2544461787,1.698753119,-0.2810792923,1.740548932,
89.8116999,0.2881278098,1.678297162,-0.2954923809,1.728298223,
89.8136999,0.3122805059,1.651453257,-0.3214167655,1.711176703,
89.8156999,0.3507409692,1.643207669,-0.3655084372,1.719519436,
89.8176999,0.3694157302,1.630068183,-0.4235246778,1.724228354,
89.8196999,0.3897089958,1.614151597,-0.4357925951,1.716762554,
89.8216999,0.4147810638,1.596434593,-0.4516805112,1.710164327,
89.8236999,0.4266180098,1.571419954,-0.4819719493,1.698134435,
89.8256999,0.4431858957,1.562858224,-0.5152609348,1.70423983,
89.8276999,0.4514602423,1.553530455,-0.5489712954,1.708403555,
89.8296999,0.4561528862,1.517808914,-0.613049686,1.699308469,
89.8316999,0.4603571296,1.507580876,-0.6440881491,1.702814825,
89.8336999,0.4540459812,1.478515267,-0.6948931217,1.695594763,
89.8356999,0.4440765381,1.458289027,-0.7410820127,1.694996581,
89.8376999,0.4351988137,1.430401444,-0.7722162604,1.682784672,
89.8396999,0.4524849653,1.391625047,-0.8421173692,1.688349661,
89.8416999,0.4506174922,1.368975878,-0.8852225542,1.691381107,
89.8436999,0.4429081678,1.333953381,-0.9279734492,1.684260665,
89.8456999,0.4320576489,1.279652953,-0.9935554266,1.67670447,
89.8476999,0.4241855145,1.242600203,-1.05441606,1.683977982,
89.8496999,0.4200387597,1.214329481,-1.090826988,1.685506502,
89.8516999,0.3977822661,1.179010272,-1.121003509,1.674796949,
89.8536999,0.3809174895,1.151582241,-1.137686372,1.663000322,
89.8556999,0.3536140025,1.104818702,-1.118867874,1.611686243,
89.8576999,0.3279002905,1.046754479,-1.09984839,1.553344785,
89.8596999,0.3213880658,1.01584065,-1.053707242,1.498506412,
89.8616999,0.3114186227,0.9857981801,-0.975483954,1.421389656,
89.8636999,0.2944197655,0.9465715885,-0.8928265572,1.334098959,
89.8656999,0.2688497007,0.9214803576,-0.7776558995,1.235376424,
89.8676999,0.2533161044,0.8781261444,-0.5938386321,1.089916921,
89.8696999,0.2392573655,0.8427877426,-0.432938695,0.9772262684,
89.8716999,0.237983644,0.8079186082,-0.2330994755,0.8739016293,
89.8736999,0.2557965219,0.7544991374,0.078261666,0.8005158945,
89.8756999,0.2722015679,0.7187872529,0.3467474282,0.8431978341,
89.8776999,0.3179020882,0.6949889064,0.7952771783,1.10296741,
89.8796999,0.3810036778,0.68992275,1.220707655,1.45302594,
89.8816999,0.473400712,0.7036463022,1.737002969,1.932978444,
89.8836999,0.7108767629,0.7181934714,2.678326368,2.862617643,
89.8856999,0.8670649529,0.5971618295,3.64372611,3.792775218,
89.8876999,0.8914187551,0.3367013931,4.777380466,4.871484306,
89.8896999,0.8325022459,-0.1409514397,6.430270672,6.485469005,
89.8916999,0.7269083858,-0.5478508472,7.603764057,7.658052245,
89.8936999,0.601164937,-0.9234436154,8.440346718,8.511968051,
89.8956999,0.4363863468,-1.30652535,8.849592209,8.956155637,
89.8976999,0.3382240832,-1.400789976,8.691077232,8.809735044,
89.8996999,0.2375239581,-1.495265126,8.003193855,8.145142559,
89.9016999,0.2258594036,-1.560617328,7.245792866,7.415392988,
89.9036999,0.2335974723,-1.617015123,6.431313992,6.63559382,
89.9056999,0.2853696942,-1.693007112,5.465023994,5.728367673,
89.9076999,0.316513449,-1.766815543,4.860210419,5.18106777,
89.9096999,0.3314436972,-1.863359213,4.36303997,4.755846955,
89.9116999,0.3419686258,-1.996572614,3.829219341,4.331993249,
89.9136999,0.3509899676,-2.13208437,3.565924168,4.169507511,
89.9156999,0.3614095449,-2.300961971,3.445821285,4.159173858,
89.9176999,0.4002434909,-2.551586866,3.335812569,4.218819252,
89.9196999,0.4361660779,-2.747097492,3.238550425,4.269074177,
89.9216999,0.4733528495,-2.969154835,3.106945992,4.323546779,
89.92370146,0.5332557559,-3.288081884,2.774822235,4.335375718,
89.9256999,0.582882762,-3.551999331,2.423544884,4.339357252,
89.9276999,0.674800992,-3.959032774,1.833259344,4.414763494,
89.9296999,0.7827794552,-4.304219246,1.31777823,4.568980899,
89.9316999,0.9050944448,-4.6435256,0.7038378119,4.782981666,
89.9336999,1.093173385,-5.150789738,-0.1052586809,5.266568367,
89.9356999,1.258440256,-5.491456032,-0.6987525821,5.676972468,
89.9376999,1.408030033,-5.852501392,-1.219510674,6.14178536,
89.9396999,1.613155603,-6.386044502,-1.614582658,6.781645268,
89.9416999,1.78675437,-6.831030846,-1.639348269,7.248650656,
89.9436999,1.953879237,-7.247047424,-1.392333627,7.633867524,
89.9456999,2.108084917,-7.735636711,-0.8567889929,8.063385438,
89.9476999,2.140339613,-8.050024033,-0.3218956292,8.335919708,
89.9496999,2.10334444,-8.461626053,0.376234442,8.727240437,
89.9516999,2.095529795,-8.747330666,0.768232286,9.027581057,
89.9536999,2.147445917,-8.981981277,1.016386509,9.290885489,
89.9556999,2.563740015,-9.343832016,1.223935008,9.766164882,
89.9576999,2.747624159,-9.68901825,1.259005427,10.14946343,
89.9596999,2.849416018,-9.985572815,1.184497833,10.45150091,
89.9616999,3.261199713,-11.2058506,1.007920623,11.71419717,
89.9636999,3.794062853,-14.57776737,0.8814300895,15.08917272,
89.9656999,5.036950111,-22.13834953,1.163045764,22.73389676,
89.9676999,8.171573639,-36.26020432,1.89520216,37.21785625,
89.9696999,10.71592999,-43.1313324,1.562618732,44.47004348,
89.9716999,13.636693,-48.82075119,1.103803635,50.70151403,
89.9736999,15.18511868,-51.97785187,0.7763629556,54.15614142,
89.9756999,16.17326355,-54.8224678,0.2744808793,57.15901302,
89.9776999,17.0506134,-58.23416901,-1.033959985,60.68781534,
89.9796999,18.26052856,-60.14593887,-1.898870111,62.88550369,
89.9816999,19.02725792,-62.18119812,-2.815169334,65.08811813,
89.9836999,18.80327606,-66.07135773,-5.116782665,68.88518685,
89.9856999,17.82271576,-68.15847015,-6.901640415,70.78742043,
89.9876999,16.66182327,-69.93684387,-8.264430046,72.36766743,
89.9896999,14.59639454,-72.06493378,-9.133764267,74.09342119,
89.9916999,12.55670738,-73.06350708,-8.765976906,74.65111733,
89.9936999,9.605863571,-73.50036621,-6.973179817,74.45268084,
89.9956999,7.254163265,-73.2365799,-5.024203777,73.76626697,
89.9976999,5.063468456,-72.26140594,-2.586590052,72.48475667,
